Nuclide	N_ENSDF	Z_ENSDF	P1n	P1n_i1	P2n_i1	P2n	P1n_i2	P2n_i2	P3n	P4n
He	6	2	16	0	0	0	0	0	0	0
Li	6	3	50.5	0	0	0	0	0	0	0
Li	8	3	86.6	0	0	4.2	0	0	1.9	0
Be	8	4	0.5	0	0	0	0	0	0	0
Be	10	4	86	0	0	5.1	0	0	0	0
B	8	5	0.266	0	0	0	0	0	0	0
B	9	5	6.04	0	0	0	0	0	0	0
B	10	5	99.68	0	0	1.5	0	0	0	0
B	12	5	63	0	0	11.9	0	0	3.5	0.4
B	14	5	71.8	0	0	16	0	0	9.1	0
C	10	6	99.28	0	0	0	0	0	0	0
C	11	6	28.4	0	0	0	0	0	0	0
C	12	6	22	0	0	0	0	0	0	0
C	13	6	47	0	0	7	0	0	0	0
C	14	6	66	0	0	18.6	0	0	0	0
C	16	6	61	0	0	37	0	0	0	0
N	10	7	95.1	0	0	0	0	0	0	0
N	11	7	10.9	0	0	0	0	0	0	0
N	12	7	41.8	0	0	0	0	0	0	0
N	13	7	42.9	0	0	0	0	0	0	0
N	14	7	86.5	0	0	0	0	0	0	0
N	15	7	34	0	0	12	0	0	0	0
N	16	7	42.2	0	0	8	0	0	3.4	0
O	14	8	22	0	0	0	0	0	0	0
O	15	8	7	0	0	0	0	0	0	0
O	16	8	41	0	0	0	0	0	0	0
F	13	9	11	0	0	0	0	0	0	0
F	14	9	14	0	0	0	0	0	0	0
F	15	9	5.9	0	0	0	0	0	0	0
F	16	9	19.5	0	0	0	0	0	0	0
F	17	9	13.5	0	0	0	0	0	0	0
F	18	9	90	0	0	0	0	0	0	0
F	20	9	20	0	0	0	0	0	0	0
Ne	16	10	0.13	0	0	0	0	0	0	0
Ne	17	10	2	0	0	0	0	0	0	0
Ne	18	10	12	0	0	3.7	0	0	0	0
Ne	19	10	28	0	0	4	0	0	0	0
Ne	20	10	12.6	0	0	8.9	0	0	0	0
Na	16	11	0.13	0	0	0	0	0	0	0
Na	17	11	0.84	0	0	0	0	0	0	0
Na	18	11	25	0	0	0	0	0	0	0
Na	19	11	30	0	0	1.27	0	0	0	0
Na	20	11	37	0	0	0.79	0	0	0	0
Na	21	11	24	0	0	8.8	0	0	0	0
Na	22	11	47	0	0	13	0	0	0	0
Na	23	11	95	0	0	0	0	0	0	0
Mg	18	12	0.06	0	0	0	0	0	0	0
Mg	19	12	6.2	0	0	0	0	0	0	0
Mg	20	12	5.4	0	0	0	0	0	0	0
Mg	21	12	14	0	0	0	0	0	0	0
Mg	22	12	58	0	0	0	0	0	0	0
Mg	23	12	52	0	0	0	0	0	0	0
Mg	24	12	48	0	0	0	0	0	0	0
Al	18	13	1.6	0	0	0	0	0	0	0
Al	19	13	0.7	0	0	0	0	0	0	0
Al	20	13	8.5	0	0	0	0	0	0	0
Al	21	13	26	0	0	0	0	0	0	0
Al	22	13	38	0	0	0	0	0	0	0
Al	23	13	31	0	0	0	0	0	0	0
Al	24	13	55	0	0	0	0	0	0	0
Al	25	13	84	0	0	0	0	0	0	0
Al	26	13	97	0	0	0	0	0	0	0
Si	21	14	5.26	0	0	0	0	0	0	0
Si	22	14	12.4	0	0	0	0	0	0	0
Si	23	14	17	0	0	0	0	0	0	0
Si	24	14	28	0	0	0	0	0	0	0
Si	25	14	60	0	0	0	0	0	0	0
Si	26	14	59	0	0	0	0	0	0	0
Si	27	14	61	0	0	0	0	0	0	0
P	23	15	12	0	0	0	0	0	0	0
P	24	15	26	0	0	0	0	0	0	0
P	25	15	15.8	0	0	0	0	0	0	0
P	26	15	30	0	0	0	0	0	0	0
P	27	15	50	0	0	0	0	0	0	0
P	28	15	100	0	0	0	0	0	0	0
S	26	16	1	0	0	0	0	0	0	0
S	27	16	40	0	0	0	0	0	0	0
S	28	16	18	0	0	0	0	0	0	0
S	29	16	54	0	0	0	0	0	0	0
Cl	27	17	8	0	0	0	0	0	0	0
Cl	28	17	24	0	0	0	0	0	0	0
Cl	29	17	60	0	0	0	0	0	0	0
Cl	30	17	3	0	0	0	0	0	0	0
Ar	29	18	0.2	0	0	0	0	0	0	0
Ar	30	18	38	0	0	0	0	0	0	0
Ar	31	18	29	0	0	0	0	0	0	0
Ar	32	18	37	0	0	0	0	0	0	0
K	29	19	1.14	0	0	0	0	0	0	0
K	30	19	86	0	0	0	0	0	0	0
K	31	19	28.6	0	0	0	0	0	0	0
K	32	19	65	0	0	0	0	0	0	0
K	33	19	72.2	0	0	2.3	0	0	0	0
K	34	19	75	0	0	10	0	0	0	0
Ca	32	20	2	0	0	0	0	0	0	0
Ca	33	20	40	0	0	0	0	0	0	0
Sc	33	21	16	0	0	0	0	0	0	0
Sc	34	21	17	0	0	0	0	0	0	0
Sc	35	21	0	12	0	0	0	0	0	0
V	36	23	3	0	0	0	0	0	0	0
V	38	23	10	0	0	0	0	0	0	0
V	40	23	35	0	0	0	0	0	0	0
Mn	36	25	0	0	0	0	0	0	0	0
Mn	37	25	0	0	0	0	0	0	0	0
Mn	38	25	0	0	0	0	0	0	0	0
Mn	39	25	2.7	0	0	0	0	0	0	0
Mn	40	25	7.9	0	0	0	0	0	0	0
Mn	41	25	4	0	0	0	0	0	0	0
Mn	44	25	0	0	0	0	0	0	0	0
Co	44	27	3.6	0	0	0	0	0	0	0
Co	45	27	4	0	0	0	0	0	0	0
Co	46	27	7.9	0	0	0	0	0	0	0
Co	47	27	18	0	0	0	0	0	0	0
Co	48	27	16	0	0	0	0	0	0	0
Ni	47	28	10	0	0	0	0	0	0	0
Ni	48	28	14	0	0	0	0	0	0	0
Ni	49	28	30	0	0	0	0	0	0	0
Cu	44	29	0.029	0	0	0	0	0	0	0
Cu	45	29	0.075	0	0	0	0	0	0	0
Cu	46	29	2.7	0	0	0	0	0	0	0
Cu	47	29	7.2	7.2	0	0	0	0	0	0
Cu	48	29	30.5	0	0	0	0	0	0	0
Cu	49	29	51	0	0	0	0	0	0	0
Cu	50	29	66	0	0	0	0	0	0	0
Cu	51	29	58	0	0	0	0	0	0	0
Cu	52	29	81	0	0	0	0	0	0	0
Zn	49	30	1.75	0	0	0	0	0	0	0
Zn	50	30	1	0	0	0	0	0	0	0
Zn	51	30	9.8	0	0	0	0	0	0	0
Zn	52	30	69	0	0	0	0	0	0	0
Zn	53	30	71	0	0	0	0	0	0	0
Zn	54	30	73	0	0	0	0	0	0	0
Ga	48	31	0.084	0	0	0	0	0	0	0
Ga	49	31	0.846	0	0	0	0	0	0	0
Ga	50	31	12.5	0	0	0	0	0	0	0
Ga	51	31	22.7	0	0	0	0	0	0	0
Ga	52	31	62.1	0	0	0	0	0	0	0
Ga	53	31	50	0	0	0	0	0	0	0
Ga	54	31	79	0	0	0	0	0	0	0
Ga	55	31	60	0	0	20	0	0	0	0
Ge	52	32	10.6	0	0	0	0	0	0	0
Ge	53	32	16.4	0	0	0	0	0	0	0
Ge	54	32	45	0	0	0	0	0	0	0
As	51	33	0.281	0	0	0	0	0	0	0
As	52	33	62.5	0	0	0	0	0	0	0
As	53	33	35.4	0	0	0	0	0	0	0
As	54	33	15.4	0	0	0	0	0	0	0
Se	53	34	0.6	0	0	0	0	0	0	0
Se	54	34	0.61	0	0	0	0	0	0	0
Se	55	34	7.8	0	0	0	0	0	0	0
Se	57	34	21	0	0	0	0	0	0	0
Br	52	35	2.54	0	0	0	0	0	0	0
Br	53	35	6.72	0	0	0	0	0	0	0
Br	54	35	13.6	0	0	0	0	0	0	0
Br	55	35	25.6	0	0	0	0	0	0	0
Br	56	35	29.8	0	0	0	0	0	0	0
Br	57	35	33.1	0	0	0	0	0	0	0
Br	58	35	64	0	0	0	0	0	0	0
Br	59	35	30	0	0	0	0	0	0	0
Kr	56	36	0.0332	0	0	0	0	0	0	0
Kr	57	36	1.95	0	0	0	0	0	0	0
Kr	58	36	1.11	0	0	0	0	0	0	0
Kr	59	36	2.87	0	0	0	0	0	0	0
Kr	60	36	3.7	0	0	0	0	0	0	0
Kr	61	36	6.7	0	0	0	0	0	0	0
Kr	62	36	7	0	0	0	0	0	0	0
Kr	63	36	11	0	0	0	0	0	0	0
Rb	55	37	0.0109	0	0	0	0	0	0	0
Rb	56	37	1.44	0	0	0	0	0	0	0
Rb	57	37	10.3	0	0	0	0	0	0	0
Rb	58	37	8.94	0	0	0	0	0	0	0
Rb	59	37	14	0	0	0	0	0	0	0
Rb	60	37	24.9	0	0	0	0	0	0	0
Rb	61	37	14.5	0	0	0.06	0	0	0	0
Rb	62	37	20.64	0	0	0	0	0	0	0
Rb	63	37	5.6	0	0	0.027	0	0	0	0
Rb	64	37	28	0	0	0	0	0	0	0
Rb	65	37	18	0	0	0	0	0	0	0
Sr	59	38	0.03	0	0	0	0	0	0	0
Sr	60	38	0.23	0	0	0	0	0	0	0
Sr	61	38	0.096	0	0	0	0	0	0	0
Sr	62	38	1.11	0	0	0	0	0	0	0
Sr	63	38	2.52	0	0	0	0	0	0	0
Sr	64	38	5.4	0	0	0	0	0	0	0
Y	58	39	0.058	0.08	0	0	0	0	0	0
Y	59	39	0.33	3.44	0	0	0	0	0	0
Y	60	39	2	0	0	0	0	0	0	0
Y	61	39	1.02	0	0	0	0	0	0	0
Y	62	39	1.98	0	0	0	0	0	0	0
Y	63	39	5.2	0	0	0	0	0	0	0
Y	64	39	8.3	0	0	0	0	0	0	0
Y	65	39	34	0	0	0	0	0	0	0
Y	66	39	82	0	0	0	0	0	0	0
Zr	63	40	1	0	0	0	0	0	0	0
Zr	64	40	1	0	0	0	0	0	0	0
Zr	65	40	2	0	0	0	0	0	0	0
Zr	66	40	7	0	0	0	0	0	0	0
Zr	67	40	23	0	0	0	0	0	0	0
Nb	63	41	0.06	0.05	0	0	0	0	0	0
Nb	64	41	1.7	0	0	0	0	0	0	0
Nb	65	41	4.5	0	0	0	0	0	0	0
Nb	66	41	7.4	0	0	0	0	0	0	0
Nb	67	41	6.3	0	0	0	0	0	0	0
Nb	68	41	31	0	0	0	0	0	0	0
Nb	69	41	40	0	0	0	0	0	0	0
Mo	67	42	1.3	0	0	0	0	0	0	0
Mo	68	42	2	0	0	0	0	0	0	0
Mo	69	42	12	0	0	0	0	0	0	0
Tc	66	43	0.08	0	0	0	0	0	0	0
Tc	67	43	0.04	0	0	0	0	0	0	0
Tc	68	43	0.85	0	0	0	0	0	0	0
Tc	69	43	1.7	0	0	0	0	0	0	0
Tc	70	43	2.1	0	0	0	0	0	0	0
Tc	71	43	1.3	0	0	0	0	0	0	0
Rh	71	45	2.1	0	0	0	0	0	0	0
Rh	72	45	7.6	0	0	0	0	0	0	0
Rh	73	45	3.1	0	0	0	0	0	0	0
Rh	74	45	6.4	0	0	0	0	0	0	0
Rh	75	45	5.4	0	0	0	0	0	0	0
Pd	74	46	0.7	0	0	0	0	0	0	0
Pd	75	46	0.8	0	0	0	0	0	0	0
Pd	76	46	2.5	0	0	0	0	0	0	0
Pd	78	46	17	0	0	0	0	0	0	0
Pd	79	46	12	0	0	0	0	0	0	0
Pd	80	46	22	0	0	0	0	0	0	0
Pd	81	46	19	0	0	0	0	0	0	0
Ag	73	47	0.003	0	0	0	0	0	0	0
Ag	74	47	0.08	0	0	0	0	0	0	0
Ag	75	47	0.186	0	0	0	0	0	0	0
Ag	76	47	0.56	0	0	0	0	0	0	0
Ag	77	47	1.3	0	0	0	0	0	0	0
Ag	78	47	11.8	0	0	0	0	0	0	0
Ag	79	47	0	13.7	0	0	0	0	0	0
Ag	80	47	14.6	0	0	0	0	0	0	0
Ag	81	47	20	0	0	0	0	0	0	0
Ag	82	47	20	0	0	0	0	0	0	0
Cd	82	48	3.5	0	0	0	0	0	0	0
Cd	83	48	3.5	0	0	0	0	0	0	0
Cd	84	48	60	0	0	0	0	0	0	0
In	78	49	0.03	0.7	0	0	0	0	0	0
In	79	49	0.0384	0	0	0	0	0	0	0
In	80	49	0.23	3.55	0	0	0	0	0	0
In	81	49	1.2	1.87	0	0	0	0	0	0
In	82	49	2.17	0	0	0	1	0	0	0
In	83	49	7.4	0	0	0	0	0	0	0
In	84	49	85	0	0	0	0	0	0	0
In	85	49	65	0	0	0	0	0	0	0
Sn	83	50	0.0294	0	0	0	0	0	0	0
Sn	84	50	17	0	0	0	0	0	0	0
Sn	85	50	21	0	0	0	0	0	0	0
Sn	86	50	27	0	0	0	0	0	0	0
Sn	87	50	50	0	0	0	0	0	0	0
Sb	83	51	0	0.088	0	0	0	0	0	0
Sb	84	51	22.8	0	0	0	0	0	0	0
Sb	85	51	18.7	0	0	0	0	0	0	0
Sb	86	51	49	0	0	0	0	0	0	0
Sb	87	51	72	0	0	0	0	0	0	0
Sb	88	51	90	0	0	0	0	0	0	0
Te	84	52	1.31	0	0	0	0	0	0	0
Te	85	52	2.91	0	0	0	0	0	0	0
Te	86	52	4.82	0	0	0	0	0	0	0
I	84	53	7.27	0	0	0	0	0	0	0
I	85	53	5.21	0	0	0	0	0	0	0
I	86	53	9.69	0	0	0	0	0	0	0
I	87	53	8.4	0	0	0	0	0	0	0
I	88	53	21.2	0	0	0	0	0	0	0
Xe	87	54	0.0433	0	0	0	0	0	0	0
Xe	88	54	0.31	0	0	0	0	0	0	0
Xe	89	54	1	0	0	0	0	0	0	0
Xe	90	54	3	0	0	0	0	0	0	0
Xe	91	54	5	0	0	0	0	0	0	0
Xe	92	54	6.9	0	0	0	0	0	0	0
Xe	93	54	8	0	0	0	0	0	0	0
Cs	86	55	0.049	0	0	0	0	0	0	0
Cs	87	55	0.0916	0	0	0	0	0	0	0
Cs	88	55	1.59	0	0	0	0	0	0	0
Cs	89	55	3.05	0	0	0	0	0	0	0
Cs	90	55	13.5	0	0	0	0	0	0	0
Cs	91	55	14.3	0	0	0	0	0	0	0
Cs	92	55	28.5	0	0	0	0	0	0	0
Cs	93	55	25.1	0	0	0	0	0	0	0
Cs	94	55	25	0	0	0	0	0	0	0
Cs	95	55	20	0	0	0	0	0	0	0
Ba	91	56	0.066	0	0	0	0	0	0	0
Ba	92	56	0.39	0	0	0	0	0	0	0
Ba	93	56	2.2	0	0	0	0	0	0	0
Ba	94	56	1	0	0	0	0	0	0	0
La	90	57	0.043	0	0	0	0	0	0	0
La	91	57	0.19	0	0	0	0	0	0	0
La	92	57	1.4	0	0	0	0	0	0	0
La	93	57	2.7	0	0	0	0	0	0	0
Hg	130	80	2.2	0	0	0	0	0	0	0
Hg	131	80	6.3	0	0	0	0	0	0	0
Tl	129	81	0.007	0	0	0	0	0	0	0
Tl	130	81	2.2	0	0	0	0	0	0	0
Tl	131	81	1.8	0	0	0	0	0	0	0
Tl	132	81	7.6	0	0	0	0	0	0	0
Tl	133	81	34	0	0	0	0	0	0	0
Tl	134	81	4.6	0	0	0	0	0	0	0
Tl	135	81	11.5	0	0	0	0	0	0	0
