N	Z	P1n	P2n	P3n
0	1	0	0	0
1	1	0	0	0
1	2	0	0	0
2	2	0	0	0
3	3	0	0	0
4	3	0	0	0
5	4	0	0	0
5	5	0	0	0
6	5	0	0	0
6	6	0	0	0
7	6	0	0	0
7	7	0	0	0
8	7	0	0	0
8	8	0	0	0
9	8	0	0	0
10	10	0	0	0
11	8	0	0	0
12	8	0	0	0
13	8	0	0	0
14	8	0.03	0	0
15	8	3.71	0	0
16	8	41.89	0	0
17	8	4.73	3.07	0
18	8	74.21	14.6	1.4
19	8	35.31	24.47	12.43
20	8	6.08	2.12	91.81
21	8	94.33	0	0
22	8	0	100	0
23	8	94.49	0	0
24	8	4.74	95.26	0
25	8	100	0	0
26	8	100	0	0
10	9	0	0	0
11	9	0	0	0
12	9	0	0	0
13	9	0	0	0
14	9	0.15	0	0
15	9	2.91	0	0
16	9	1.88	0	0
17	9	17.61	0.7	0
18	9	24.59	4.87	0.87
19	9	13.85	21.87	2.68
20	9	11.26	13.92	17.44
21	9	17.2	30.68	34
22	9	16.24	6.89	40.75
23	9	17.17	22.63	51.21
24	9	9.87	14.53	75.61
25	9	99.05	0	0
26	9	0	100	0
27	9	99.81	0	0
28	9	0	100	0
29	9	99.49	0	0
10	10	0	0	0
11	10	0	0	0
12	10	0	0	0
13	10	0	0	0
14	10	0	0	0
15	10	0	0	0
16	10	0.34	0	0
17	10	0.92	0	0
18	10	16.11	0.01	0
19	10	6.44	1.89	0
20	10	9.28	3.46	0
21	10	7.94	5.89	0.42
22	10	40.34	5.12	1.31
23	10	6.72	60.02	21.58
24	10	4.37	48.5	30.57
25	10	2.09	3.35	90.52
26	10	3.66	2.3	94.04
27	10	97.8	0	0
28	10	0	100	0
29	10	98.46	0	0
30	10	0	100	0
31	10	100	0	0
12	11	0	0	0
13	11	0	0	0
14	11	0	0	0
15	11	0	0	0
16	11	0.03	0	0
17	11	1.49	0	0
18	11	8.09	0	0
19	11	3.46	0.38	0
20	11	14.33	1.3	0
21	11	33.65	9.24	0.23
22	11	63.44	4.44	3.8
23	11	35.83	21.8	3.06
24	11	56.95	18.89	24.17
25	11	88.31	0	0
26	11	26.7	73.3	0
27	11	98.47	0	0
28	11	14.08	85.92	0
29	11	99.44	0	0
30	11	0	100	0
31	11	99.27	0	0
32	11	0	100	0
33	11	94.74	0	0
12	12	0	0	0
13	12	0	0	0
14	12	0	0	0
15	12	0	0	0
16	12	0	0	0
17	12	0	0	0
18	12	0.01	0	0
19	12	0.53	0	0
20	12	10.52	0	0
21	12	30.97	1.79	0
22	12	26.26	0.3	0
23	12	22.77	14.66	0.14
24	12	36.98	4.5	0.45
25	12	39.75	24.3	3.16
26	12	70.91	8.5	12.48
27	12	14.4	57.78	17.02
28	12	44.41	17.8	37.79
29	12	92.07	0	0
30	12	6.85	93.15	0
31	12	100	0	0
32	12	100	0	0
33	12	84.66	0	0
34	12	0	100	0
35	12	100	0	0
14	13	0	0	0
15	13	0	0	0
16	13	0	0	0
17	13	0	0	0
18	13	0	0	0
19	13	0.13	0	0
20	13	2.33	0	0
21	13	5.31	0.46	0
22	13	8.27	0.11	0
23	13	8.74	4.9	0
24	13	7.69	2.16	0.5
25	13	6.72	13.22	1.51
26	13	88.08	1.97	6.26
27	13	15.57	73.83	8.53
28	13	39.99	7.3	10.45
29	13	30.89	32.98	25.46
30	13	4.96	54.59	40.45
31	13	99.39	0	0
32	13	1.89	98.11	0
33	13	99.59	0	0
34	13	0	100	0
35	13	99.3	0	0
36	13	0	100	0
37	13	98.92	0	0
38	13	0	100	0
14	14	0	0	0
15	14	0	0	0
16	14	0	0	0
17	14	0	0	0
18	14	0	0	0
19	14	0	0	0
20	14	0	0	0
21	14	0.52	0	0
22	14	29.27	0	0
23	14	12.92	0.21	0
24	14	35.95	0	0
25	14	27.06	2.39	0
26	14	48.67	0.04	0
27	14	44.8	9.8	0
28	14	40.37	4.44	0.01
29	14	23.7	29.42	2.95
30	14	57.15	18.86	23.99
31	14	93.62	0	0
32	14	25.61	68.64	0
33	14	1.95	21.26	40.39
34	14	2.21	0.49	97.3
35	14	98.81	0	0
36	14	0	100	0
37	14	97.42	0	0
38	14	0	100	0
39	14	99.67	0	0
40	14	0	100	0
16	15	0	0	0
17	15	0	0	0
18	15	0	0	0
19	15	0	0	0
20	15	0	0	0
21	15	0	0	0
22	15	2.14	0	0
23	15	1.62	0	0
24	15	6.37	0	0
25	15	10.78	0.26	0
26	15	19.4	0.05	0
27	15	36.32	12.79	0
28	15	41.88	3.24	0
29	15	50.89	32.1	1.56
30	15	43.91	27.2	20.85
31	15	2.63	82.47	13.4
32	15	9.99	8.57	75.29
33	15	0	49.5	49.7
34	15	3.23	0.61	96.16
35	15	98.67	0	0
36	15	2.08	97.92	0
37	15	98.66	0	0
38	15	0	100	0
39	15	99.01	0	0
40	15	0	100	0
41	15	99.27	0	0
42	15	0	100	0
16	16	0	0	0
17	16	0	0	0
18	16	0	0	0
19	16	0	0	0
20	16	0	0	0
21	16	0	0	0
22	16	0	0	0
23	16	0	0	0
24	16	0	0	0
25	16	0.01	0	0
26	16	1.46	0	0
27	16	11.5	0	0
28	16	52.4	0	0
29	16	24.54	1.66	0
30	16	57.48	1.39	0
31	16	10.12	10.25	0.12
32	16	74.69	9.8	9.27
33	16	18.53	27.95	11.21
34	16	75.82	4.25	15.67
35	16	2.24	44.05	49.3
36	16	15.06	18.08	66.85
37	16	97.37	0	0
38	16	3.94	96.06	0
39	16	98.08	0	0
40	16	0.82	99.18	0
41	16	98.36	0	0
42	16	1.75	97.29	0
43	16	0.07	1.67	96.45
44	16	0	0.52	99.48
18	17	0	0	0
19	17	0	0	0
20	17	0	0	0
21	17	0	0	0
22	17	0	0	0
23	17	0	0	0
24	17	0	0	0
25	17	0	0	0
26	17	1.1	0	0
27	17	7.08	0	0
28	17	11.95	0	0
29	17	17.92	0.36	0
30	17	56.59	0.22	0
31	17	61.07	23.1	0
32	17	64.99	22.6	4.09
33	17	40.21	36.56	5.86
34	17	40.59	24.96	29.21
35	17	3.24	47.47	46.87
36	17	7.14	8.33	83.66
37	17	0	16.4	82.34
38	17	18.78	2.34	75.71
39	17	3.28	15.3	78.64
40	17	6.62	7.46	85.91
41	17	99.04	0	0
42	17	2.1	97.9	0
43	17	99.14	0	0
44	17	2.6	97.4	0
45	17	99.06	0	0
46	17	0	100	0
18	18	0	0	0
20	18	0	0	0
21	18	0	0	0
22	18	0	0	0
23	18	0	0	0
24	18	0	0	0
25	18	0	0	0
26	18	0	0	0
27	18	0	0	0
28	18	0	0	0
29	18	0.09	0	0
30	18	24.73	0	0
31	18	22.86	0.31	0
32	18	18.09	0.06	0
33	18	26.87	9.07	0
34	18	35.25	6.1	0.15
35	18	37.62	27.44	4.23
36	18	79.81	6.95	7.08
37	18	11.05	67.58	11.98
38	18	76.63	3.87	9.26
39	18	13.72	63.5	18.47
40	18	43.4	33.58	22.27
41	18	0.86	40.06	56.18
42	18	29.05	5.84	64.82
43	18	0.04	15.28	82.75
44	18	4.56	0.85	94.58
45	18	98.07	0	0
46	18	0	100	0
47	18	98.14	0	0
48	18	0	100	0
49	18	99.36	0	0
20	19	0	0	0
21	19	0	0	0
22	19	0	0	0
23	19	0	0	0
24	19	0	0	0
25	19	0	0	0
26	19	0	0	0
27	19	0	0	0
28	19	0	0	0
29	19	1.02	0	0
30	19	21.32	0	0
31	19	24.75	1.54	0
32	19	61.86	2.73	0
33	19	17.84	4.9	0
34	19	29.4	2.8	0.2
35	19	9.34	25.82	1.64
36	19	29.14	9.41	4.68
37	19	31.86	47.01	5.7
38	19	13.68	54.9	29.02
39	19	1.09	53.46	42.09
40	19	5.63	2.88	90.02
41	19	0	47.58	51.55
42	19	28.94	3.24	66.65
43	19	0	28.17	71.08
44	19	1.93	1.76	96.31
45	19	99.32	0	0
46	19	1.66	98.34	0
47	19	99.43	0	0
48	19	1.27	98.73	0
49	19	99.5	0	0
50	19	0.74	99.26	0
51	19	99.6	0	0
20	20	0	0	0
22	20	0	0	0
23	20	0	0	0
24	20	0	0	0
25	20	0	0	0
26	20	0	0	0
27	20	0	0	0
28	20	0	0	0
29	20	0	0	0
30	20	0	0	0
31	20	1.57	0	0
32	20	1.59	0	0
33	20	0.57	0	0
34	20	6.02	0	0
35	20	13.3	1.39	0
36	20	1.32	3.49	0.07
37	20	13.16	1.38	1.03
38	20	4.66	2.17	0.04
39	20	45.36	6.22	0.6
40	20	5.53	5.83	1.49
41	20	65.54	12.97	4.85
42	20	88.5	2.94	7.63
43	20	0.32	83.43	13.78
44	20	62.63	12.72	23.06
45	20	0.46	52.75	45.05
46	20	12.43	24.37	62.71
47	20	0.09	6.68	91.94
48	20	3.13	0.63	96.24
49	20	99.05	0	0
50	20	1.85	98.15	0
51	20	98.8	0	0
52	20	0	100	0
53	20	99.81	0	0
24	21	0	0	0
25	21	0	0	0
26	21	0	0	0
27	21	0	0	0
28	21	0	0	0
29	21	0	0	0
30	21	0	0	0
31	21	0.04	0	0
32	21	0.09	0	0
33	21	0.38	0	0
34	21	14.76	0.02	0
35	21	14.71	0.87	0
36	21	24.26	0.79	0.02
37	21	9.68	8.07	0.19
38	21	36.04	0.94	0.73
39	21	13.07	27.81	0.66
40	21	46.14	1.25	2.29
41	21	10.75	47.02	4.36
42	21	48.79	38.74	8.78
43	21	14.62	50.87	17.18
44	21	37.51	7.24	54.31
45	21	2.96	39.66	54.08
46	21	29.73	2.17	67.5
47	21	0.27	30.93	67.96
48	21	10.75	5.13	84.12
49	21	0	18.85	80.64
50	21	3.77	1.04	95.19
51	21	99.58	0	0
52	21	1.02	98.98	0
53	21	99.53	0	0
54	21	0	100	0
55	21	100	0	0
24	22	0	0	0
25	22	0	0	0
26	22	0	0	0
27	22	0	0	0
28	22	0	0	0
29	22	0	0	0
30	22	0	0	0
31	22	0	0	0
32	22	0	0	0
33	22	0	0	0
34	22	0.22	0	0
35	22	0.54	0	0
36	22	1.25	0	0
37	22	1.09	0.05	0
38	22	2.43	0	0
39	22	2.49	0.83	0
40	22	5.72	0.07	0
41	22	22.25	5.47	0
42	22	89.09	2.7	0.06
43	22	52.53	16.43	1.32
44	22	54.71	4.01	2.48
45	22	54.49	35.62	4.85
46	22	74.85	11.32	9.31
47	22	13.8	66.43	16.7
48	22	58.76	21.04	17.92
49	22	0.95	68.76	28.38
50	22	28.39	29.61	40.16
51	22	0.33	9.2	88.97
52	22	3.04	1.34	95.62
53	22	99.03	0	0
54	22	0	100	0
55	22	99.73	0	0
56	22	0	100	0
57	22	100	0	0
58	22	100	0	0
27	23	0	0	0
28	23	0	0	0
29	23	0	0	0
30	23	0	0	0
31	23	0	0	0
32	23	0	0	0
33	23	0	0	0
34	23	0.25	0	0
35	23	0.75	0	0
36	23	5.33	0	0
37	23	3.73	0.03	0
38	23	12.65	0	0
39	23	17.69	0.29	0
40	23	25.01	0.19	0
41	23	26.69	3.55	0
42	23	36.27	1.28	0.13
43	23	16.12	27.59	0.17
44	23	49.55	3.19	3.13
45	23	16.84	42.57	3.16
46	23	57.56	15.45	8.23
47	23	23.79	51.73	12.11
48	23	46.7	20.65	31.25
49	23	6.46	51.34	40.91
50	23	39.48	5.36	54
51	23	1.26	34.72	63.5
52	23	1.98	1.75	96.26
53	23	99.48	0	0
54	23	0.8	99.2	0
55	23	99.51	0	0
56	23	0	100	0
57	23	100	0	0
58	23	100	0	0
59	23	99.6	0	0
60	23	0	100	0
26	24	0	0	0	
28	24	0	0	0
29	24	0	0	0
30	24	0	0	0
31	24	0	0	0
32	24	0	0	0
33	24	0	0	0
34	24	0	0	0
35	24	0	0	0
36	24	0	0	0
37	24	0.69	0	0
38	24	0.74	0	0
39	24	2.52	0	0
40	24	1.13	0	0
41	24	7.74	0.06	0
42	24	7.18	0	0
43	24	9.98	1.11	0
44	24	14.73	0.11	0
45	24	19.26	6.22	0
46	24	34.76	2.5	0.08
47	24	48.54	16.02	0.76
48	24	76.09	7.53	3.34
49	24	48.59	34.59	8.89
50	24	69.47	10.15	15.54
51	24	6.98	63.7	26.42
52	24	9.01	36.26	54.74
53	24	0.05	4.16	94.23
54	24	2.62	0.16	97.21
55	24	98.78	0	0
56	24	0.63	99.37	0
57	24	99.32	0	0
58	24	0	100	0
59	24	99.63	0	0
60	24	0	100	0
61	24	99.62	0	0
62	24	0	100	0
29	25	0	0	0
30	25	0	0	0
31	25	0	0	0
32	25	0	0	0
33	25	0	0	0
34	25	0	0	0
35	25	0	0	0
36	25	0.02	0	0
37	25	0.1	0	0
38	25	0.73	0	0
39	25	1.49	0	0
40	25	4	0	0
41	25	8.74	0.46	0
42	25	9.7	0	0
43	25	14.69	0.76	0
44	25	22.68	0.36	0
45	25	19.35	5.99	0
46	25	31.43	2.65	0.18
47	25	25.88	15.34	0.35
48	25	68.78	6.42	3.04
49	25	39.52	28.05	4.87
50	25	73.03	14.11	10.84
51	25	37.01	41.5	19.02
52	25	19.61	32.91	47.49
53	25	0	18.25	81.15
54	25	1.73	0.04	98.23
55	25	99.46	0	0
56	25	1.04	98.96	0
57	25	99.58	0	0
58	25	0.56	99.44	0
59	25	99.55	0	0
60	25	0	100	0
61	25	99.71	0	0
62	25	0	100	0
63	25	99.64	0	0
64	25	0	100	0
28	26	0	0	0	
30	26	0	0	0
31	26	0	0	0
32	26	0	0	0
33	26	0	0	0
34	26	0	0	0
35	26	0	0	0
36	26	0	0	0
37	26	0	0	0
38	26	0	0	0
39	26	0	0	0
40	26	0.01	0	0
41	26	0.98	0	0
42	26	1.8	0	0
43	26	5.33	0	0
44	26	11.17	0	0
45	26	20.53	0.25	0
46	26	20.02	0	0
47	26	33.97	3.74	0
48	26	44.04	0.79	0
49	26	51.91	15.15	0.01
50	26	68.35	9.95	0.12
51	26	38.89	50.21	2.11
52	26	28.54	37.85	27.31
53	26	1.28	47.99	46.9
54	26	5.54	4.43	88.18
55	26	0.13	30.76	67.81
56	26	3.26	0.6	96.14
57	26	99.02	0	0
58	26	1.99	98.01	0
59	26	98.26	0	0
60	26	1.17	98.83	0
61	26	99.26	0	0
62	26	1.13	98.87	0
63	26	99.3	0	0
64	26	0	100	0
65	26	99.49	0	0
66	26	0	100	0
31	27	0	0	0
32	27	0	0	0
33	27	0	0	0
34	27	0	0	0
35	27	0	0	0
36	27	0	0	0
37	27	0	0	0
38	27	0	0	0
39	27	0	0	0
40	27	0.06	0	0
41	27	0.73	0	0
42	27	0.89	0	0
43	27	2.03	0	0
44	27	3.1	0	0
45	27	3.47	0.3	0
46	27	4.63	0.01	0
47	27	6.36	1.45	0
48	27	11.32	0.77	0
49	27	26.37	5.64	0
50	27	69.41	6.79	0.04
51	27	41.3	25.45	0.74
52	27	66.58	16.06	15.25
53	27	1.12	72.63	24.66
54	27	3.33	3.8	92.59
55	27	0.05	33.57	65.97
56	27	1.87	0.08	98.06
57	27	99.53	0	0
58	27	2.85	97.15	0
59	27	98.99	0	0
60	27	4.05	95.95	0
61	27	99.59	0	0
62	27	4.02	95.98	0
63	27	99.6	0	0
64	27	0.9	99.1	0
65	27	99.69	0	0
66	27	0	100	0
67	27	99.71	0	0
68	27	0	100	0
69	27	99.75	0	0
30	28	0	0	0
32	28	0	0	0
33	28	0	0	0
34	28	0	0	0
35	28	0	0	0
36	28	0	0	0
37	28	0	0	0
38	28	0	0	0
39	28	0	0	0
40	28	0	0	0
41	28	0	0	0
42	28	0	0	0
43	28	0	0	0
44	28	0	0	0
45	28	0.16	0	0
46	28	2.26	0	0
47	28	6.08	0	0
48	28	20.49	0	0
49	28	25.23	0	0
50	28	39.16	0	0
51	28	62.09	4.75	0
52	28	63.71	13.55	0.02
53	28	20.25	57.46	6.34
54	28	36.98	21.66	28.75
55	28	34.81	21.83	13.63
56	28	41.76	22.97	32.11
57	28	1.59	50.02	46.27
58	28	27.53	9.4	62.3
59	28	0.12	19.34	78.95
60	28	11.78	10.71	76.88
61	28	0.76	16.94	74.79
62	28	14.8	5.65	79.36
63	28	0.05	6.93	91.84
64	28	3.01	2.6	94.39
65	28	97.11	0	0
66	28	0.68	99.32	0
67	28	99.53	0	0
68	28	0	100	0
69	28	99.47	0	0
70	28	0	100	0
71	28	97.94	0	0
34	29	0	0	0
35	29	0	0	0
36	29	0	0	0
37	29	0	0	0
38	29	0	0	0
39	29	0	0	0
40	29	0	0	0
41	29	0	0	0
42	29	0	0	0
43	29	0	0	0
44	29	0.02	0	0
45	29	0.15	0	0
46	29	2.56	0	0
47	29	2.5	0	0
48	29	10.54	0	0
49	29	10.57	0.09	0
50	29	25.38	0	0
51	29	43.94	12.61	0
52	29	62.12	21.28	0.25
53	29	28.91	56.99	4.93
54	29	46.44	30.57	17.53
55	29	13.17	64.39	18.26
56	29	24.02	42.82	30.68
57	29	1.51	65.15	31.85
58	29	6.61	31.65	61.24
59	29	0.06	17.85	81.59
60	29	1.38	2.12	96.15
61	29	0.72	12.09	86.45
62	29	1.86	0.32	97.82
63	29	0	2.43	97.13
64	29	1.11	0	98.57
65	29	0.01	1.63	98.08
66	29	0.86	0.08	99.07
67	29	99.72	0	0
68	29	0.62	99.38	0
69	29	99.72	0	0
70	29	0.94	99.06	0
71	29	99.8	0	0
72	29	0	100	0
73	29	99.86	0	0
34	30	0	0	0
36	30	0	0	0
37	30	0	0	0
38	30	0	0	0
39	30	0	0	0
40	30	0	0	0
41	30	0	0	0
42	30	0	0	0
43	30	0	0	0
44	30	0	0	0
45	30	0	0	0
46	30	0	0	0
47	30	0	0	0
48	30	0	0	0
49	30	0.34	0	0
50	30	6.19	0	0
51	30	13.38	0	0
52	30	44.8	0	0
53	30	28.81	21.1	0
54	30	48.69	12.95	0.06
55	30	28.14	8.96	0.53
56	30	64.25	5.3	1.1
57	30	46.32	27.48	4.66
58	30	65.23	9.6	7.9
59	30	23.5	50.15	16.25
60	30	56.6	19.27	19.33
61	30	16.29	37.39	21.99
62	30	50.34	15.88	31.06
63	30	4.39	49.08	44.05
64	30	27.94	14.33	56.5
65	30	1.62	29.65	66.85
66	30	6.11	4.7	89.19
67	30	95.44	0	0
68	30	5.28	94.72	0
69	30	0	2.27	96.95
70	30	2.03	0	97.97
71	30	99.43	0	0
72	30	0.63	99.37	0
73	30	99.67	0	0
74	30	0	100	0
75	30	99.73	0	0
38	31	0	0	0
39	31	0	0	0
40	31	0	0	0
41	31	0	0	0
42	31	0	0	0
43	31	0	0	0
44	31	0	0	0
45	31	0	0	0
46	31	0	0	0
47	31	0	0	0
48	31	0.06	0	0
49	31	0.43	0	0
50	31	4.74	0	0
51	31	9.3	0	0
52	31	59.1	0.02	0
53	31	27.37	14.54	0
54	31	60.9	10.48	0.14
55	31	20.63	44.38	1.59
56	31	68.98	12.88	6.68
57	31	34.52	40.92	2.41
58	31	70.02	18.78	8.67
59	31	19.7	46.68	10.3
60	31	38.54	15.71	23
61	31	3.79	67.64	23.27
62	31	40.7	13.07	39.94
63	31	13.83	38.22	42.17
64	31	20.67	15.98	60.78
65	31	0.83	16	82.38
66	31	2.22	1.3	96.16
67	31	0.17	2.66	96.37
68	31	1.5	0.16	97.94
69	31	0.16	2.06	97.27
70	31	1.98	0.05	97.97
71	31	0	1.92	97.82
72	31	0.82	0.32	98.86
73	31	99.75	0	0
74	31	0.32	99.68	0
75	31	99.8	0	0
76	31	0	100	0
77	31	99.76	0	0
38	32	0	0	0
40	32	0	0	0
41	32	0	0	0
42	32	0	0	0
43	32	0	0	0
44	32	0	0	0
45	32	0	0	0
46	32	0	0	0
47	32	0	0	0
48	32	0	0	0
49	32	0	0	0
50	32	0	0	0
51	32	0.09	0	0
52	32	9.68	0	0
53	32	10.71	0.04	0
54	32	23.85	0	0
55	32	30.73	4.58	0
56	32	49.07	0.47	0
57	32	9.86	1.19	0
58	32	74.02	3.1	0.06
59	32	42.56	18.91	0.65
60	32	57.68	6.04	1.34
61	32	21.33	26.85	2.04
62	32	58.85	9.01	4.68
63	32	31.4	46.22	9.27
64	32	57.77	21.96	12.38
65	32	19.97	50.86	14.29
66	32	43.4	28.28	22.14
67	32	8.15	52.02	36.78
68	32	31.77	30.29	34.35
69	32	3.84	30.47	64.59
70	32	15.96	11.85	71.07
71	32	1.12	15.72	81.05
72	32	5.07	4.19	90.73
73	32	99.34	0	0
74	32	1.28	98.72	0
75	32	99.5	0	0
76	32	0.94	99.06	0
77	32	99.32	0	0
78	32	0.78	99.22	0
79	32	99.42	0	0
80	32	0	100	0
41	33	0	0	0
42	33	0	0	0
43	33	0	0	0
44	33	0	0	0
45	33	0	0	0
46	33	0	0	0
47	33	0	0	0
48	33	0	0	0
49	33	0	0	0
50	33	0	0	0
51	33	0.07	0	0
52	33	11.59	0	0
53	33	20.28	0.11	0
54	33	37.1	0	0
55	33	32.18	2.2	0
56	33	76.35	1.33	0
57	33	27.78	2.61	0
58	33	89.34	3.16	0.09
59	33	45.23	38.95	0.56
60	33	81.67	12.16	1.84
61	33	31.54	43.74	2.01
62	33	68.29	19.11	8.42
63	33	10.54	71.85	11.68
64	33	35.73	37.05	24.07
65	33	2.12	65.48	30.16
66	33	18.34	31.23	48.96
67	33	1.19	46.65	50.18
68	33	11.76	17.88	69.15
69	33	1.18	21.71	76.18
70	33	2.78	6.11	90.05
71	33	1.25	8.2	90.1
72	33	1.54	1.01	97.45
73	33	0	1.76	97.93
74	33	1.3	0	98.7
75	33	99.78	0	0
76	33	0.77	99.23	0
77	33	99.8	0	0
78	33	0.87	99.13	0
79	33	99.65	0	0
80	33	0.94	99.06	0
81	33	99.81	0	0
82	33	0.16	99.15	0
40	34	0	0	0
42	34	0	0	0
43	34	0	0	0
44	34	0	0	0
45	34	0	0	0
46	34	0	0	0
47	34	0	0	0
48	34	0	0	0
49	34	0	0	0
50	34	0	0	0
51	34	0	0	0
52	34	0	0	0
53	34	0.01	0	0
54	34	0.29	0	0
55	34	2.73	0	0
56	34	0.83	0	0
57	34	3.78	0.01	0
58	34	3.23	0	0
59	34	9.58	0.21	0
60	34	4.04	0.06	0
61	34	25.6	2.55	0
62	34	42.23	1.42	0
63	34	50.5	14.24	0.21
64	34	58.95	7.34	0.76
65	34	31.53	18.94	1.75
66	34	65.84	5.27	3.42
67	34	48.54	29.13	5.52
68	34	67.4	4.89	7.28
69	34	27.47	52.34	9.97
70	34	67.85	13.06	12.23
71	34	11.53	62.96	17.64
72	34	25.73	40.71	31.74
73	34	0.71	24.55	73.94
74	34	10.94	4.94	83.44
75	34	0.11	10.73	84.97
76	34	1.5	0.32	98.18
77	34	99.39	0	0
78	34	7.04	90.6	0
79	34	0.82	2.73	95.85
80	34	1.43	3.76	94.67
81	34	0.03	0.41	99.08
82	34	0.62	0.1	97.87
83	34	0.64	0.82	95.83
84	34	0	4.41	95.59
43	35	0	0	0
44	35	0	0	0
45	35	0	0	0
46	35	0	0	0
47	35	0	0	0
48	35	0	0	0
49	35	0	0	0
50	35	0	0	0
51	35	0	0	0
52	35	0.25	0	0
53	35	1.36	0	0
54	35	10.58	0	0
55	35	13.38	0	0
56	35	54.01	0	0
57	35	8.89	0.04	0
58	35	86.39	0.08	0
59	35	14.6	0.28	0
60	35	93.89	0.15	0
61	35	32.18	2.17	0
62	35	86.99	3.87	0.01
63	35	63.08	27.56	0.19
64	35	80.72	13.51	1.6
65	35	46.39	27.34	1.3
66	35	76.73	11.77	3.79
67	35	33.23	50.3	4.71
68	35	60.61	23.85	7.09
69	35	23.64	59.09	8.82
70	35	41.45	30.28	21.79
71	35	5.99	55.92	31.67
72	35	19.6	20.09	59.61
73	35	2.64	25.9	70.94
74	35	5.54	7.69	86.12
75	35	0	1.53	98.21
76	35	0.77	0.11	99.12
77	35	0	1.14	98.3
78	35	1.5	0.07	97.38
79	35	1.06	1.53	97.05
80	35	0.85	1.87	97.07
81	35	0.03	1.05	98.71
82	35	0.89	0.19	98.36
83	35	1.2	0.86	97.79
84	35	0.2	0.95	98.85
85	35	100	0	0
86	35	100	0	0
42	36	0	0	0
44	36	0	0	0
46	36	0	0	0
47	36	0	0	0
48	36	0	0	0
49	36	0	0	0
50	36	0	0	0
51	36	0	0	0
52	36	0	0	0
53	36	0	0	0
54	36	0	0	0
55	36	0	0	0
56	36	0.05	0	0
57	36	0.02	0	0
58	36	0.14	0	0
59	36	0.78	0	0
60	36	0.74	0	0
61	36	4.04	0.04	0
62	36	1.61	0	0
63	36	32.83	1.46	0
64	36	29.05	0.39	0
65	36	20.96	2.55	0
66	36	42.36	1.77	0.01
67	36	48.55	8.61	0.13
68	36	55.56	3.76	0.29
69	36	53.74	14.24	1.39
70	36	67.48	6.01	3.06
71	36	35	41.12	6.54
72	36	66.32	13.25	11.44
73	36	13.42	65.9	18.09
74	36	39.06	19.61	40.3
75	36	0.17	31.2	67.34
76	36	11.9	19.13	67.92
77	36	2.98	34.36	59.41
78	36	59.82	18.75	20.15
79	36	1.35	77.8	20.08
80	36	5.06	14.09	79.83
81	36	0.52	16.66	82.18
82	36	32.83	34.98	30.52
83	36	1.04	28.69	68.9
84	36	2.38	2.34	95.28
85	36	100	0	0
86	36	0	100	0
87	36	100	0	0
88	36	100	0	0
47	37	0	0	0
48	37	0	0	0
49	37	0	0	0
50	37	0	0	0
51	37	0	0	0
52	37	0	0	0
53	37	0	0	0
54	37	0	0	0
55	37	0.05	0	0
56	37	2.59	0	0
57	37	1.65	0	0
58	37	32.54	0	0
59	37	10.73	0.01	0
60	37	13.1	0	0
61	37	18.39	0.2	0
62	37	27.49	0.03	0
63	37	25.78	0.92	0
64	37	35.34	0.11	0
65	37	20.07	1.95	0
66	37	54.07	1.49	0.01
67	37	46.82	11.64	0.05
68	37	70.9	4.15	0.54
69	37	51.17	22.39	1.04
70	37	68.09	10.25	3.76
71	37	23.33	54.07	5.46
72	37	41.34	38.25	15.23
73	37	11.07	58.35	28.22
74	37	20.63	34.18	44.51
75	37	10.45	21.52	67.42
76	37	2.83	8.23	87.93
77	37	0.86	13.23	84.76
78	37	3.36	19.4	76.41
79	37	0.87	8.68	89.89
80	37	1.78	2.56	94.95
81	37	0.64	1.55	97.28
82	37	1.93	2.05	95.24
83	37	1.16	1.59	96.98
84	37	0.91	2.03	97.06
85	37	99.77	0	0
86	37	0	100	0
87	37	100	0	0
88	37	100	0	0
89	37	100	0	0
90	37	100	0	0
91	37	99.8	0	0
46	38	0	0	0
48	38	0	0	0
49	38	0	0	0
50	38	0	0	0
51	38	0	0	0
52	38	0	0	0
53	38	0	0	0
54	38	0	0	0
55	38	0	0	0
56	38	0	0	0
57	38	0	0	0
58	38	0	0	0
59	38	0	0	0
60	38	0.35	0	0
61	38	0.23	0	0
62	38	0.4	0	0
63	38	3.84	0	0
64	38	2.87	0	0
65	38	2.82	0	0
66	38	8.41	0	0
67	38	15.36	0.66	0
68	38	17.28	0.07	0
69	38	26	3.33	0
70	38	29.84	1.83	0
71	38	58.6	10.64	0.17
72	38	70.45	8.57	1.08
73	38	40.09	37.32	5.5
74	38	66.09	23.26	7.97
75	38	21.58	65.95	6.9
76	38	86.4	2.64	6.52
77	38	44.06	42.99	6.46
78	38	84.3	3.43	8.05
79	38	23.1	65.07	9.83
80	38	53.57	32.29	11.52
81	38	1.23	86.41	11.4
82	38	81.63	3.29	12.89
83	38	23.09	55.49	20.17
84	38	3.73	2.87	93.4
85	38	99.51	0	0
86	38	0	100	0
87	38	100	0	0
88	38	0	100	0
89	38	100	0	0
90	38	100	0	0
91	38	99.75	0	0
92	38	0	100	0
93	38	99.87	0	0
50	39	0	0	0
51	39	0	0	0
52	39	0	0	0
53	39	0	0	0
54	39	0	0	0
55	39	0	0	0
56	39	0	0	0
57	39	0	0	0
58	39	0.02	0	0
59	39	1.24	0	0
60	39	0.57	0	0
61	39	0.4	0	0
62	39	1.52	0	0
63	39	1.27	0	0
64	39	3.91	0	0
65	39	3.8	0	0
66	39	16.53	0	0
67	39	16.91	0.55	0
68	39	35.4	0.12	0
69	39	34.78	2.38	0
70	39	55.07	1.8	0
71	39	52.34	10.47	0.09
72	39	57.93	7.6	1.39
73	39	17.41	51.46	4.1
74	39	53	35.37	9.07
75	39	27.32	60.26	6.12
76	39	70.72	20.71	7.6
77	39	33.58	59.36	5.65
78	39	48.7	41.27	9.08
79	39	21.93	66.44	10.49
80	39	31.11	37.16	30.88
81	39	0.84	68.15	29.76
82	39	14.79	63.48	20.37
83	39	1.42	71.27	26.42
84	39	2.84	4.34	92.82
85	39	99.65	0	0
86	39	0.18	99.82	0
87	39	99.62	0	0
88	39	0	100	0
89	39	100	0	0
90	39	100	0	0
91	39	99.83	0	0
92	39	0	100	0
93	39	99.78	0	0
94	39	0	100	0
95	39	99.89	0	0
50	40	0	0	0
51	40	0	0	0
52	40	0	0	0
53	40	0	0	0
54	40	0	0	0
55	40	0	0	0
56	40	0	0	0
57	40	0	0	0
58	40	0	0	0
59	40	0	0	0
60	40	0	0	0
61	40	0	0	0
62	40	0	0	0
63	40	0	0	0
64	40	0.03	0	0
65	40	0.03	0	0
66	40	0.63	0	0
67	40	1.49	0	0
68	40	1.96	0	0
69	40	4.67	0	0
70	40	7.17	0	0
71	40	14.7	1.01	0
72	40	26.32	0.47	0
73	40	64.85	8.46	0.02
74	40	45.56	2.34	0.07
75	40	55.06	4.73	0.29
76	40	54.84	2.04	0.1
77	40	69.12	6.75	0.33
78	40	70.28	4.34	0.83
79	40	73.39	12.05	2.4
80	40	79.99	6.24	3.82
81	40	75.71	19.37	3.12
82	40	29.99	5.13	4.21
83	40	76.75	11.6	10.21
84	40	5.64	74.71	19.65
85	40	0.47	3.95	94.72
86	40	1.62	0.14	98.24
87	40	99.52	0	0
88	40	0	100	0
89	40	99.79	0	0
90	40	0	100	0
91	40	99.48	0	0
92	40	0.77	99.23	0
93	40	99.63	0	0
94	40	0	100	0
95	40	99.67	0	0
96	40	0	100	0
97	40	99.76	0	0
51	41	0	0	0
52	41	0	0	0
53	41	0	0	0
54	41	0	0	0
55	41	0	0	0
56	41	0	0	0
57	41	0	0	0
58	41	0	0	0
59	41	0	0	0
60	41	0	0	0
61	41	0	0	0
62	41	0	0	0
63	41	0	0	0
64	41	0.24	0	0
65	41	0.2	0	0
66	41	3.12	0	0
67	41	16.58	0	0
68	41	16.35	0	0
69	41	19.57	0.04	0
70	41	55.63	0	0
71	41	61.19	1.72	0
72	41	86.54	2.14	0
73	41	38.3	12.45	0.01
74	41	56.92	1.29	0.09
75	41	46.44	9.97	0.03
76	41	62.23	3.16	0.27
77	41	48.96	23.18	0.42
78	41	80.49	7.14	1.29
79	41	46.36	40.42	2.14
80	41	73.17	20.35	4.73
81	41	28.43	54.51	2.58
82	41	54.48	8.32	5.36
83	41	34.03	55.04	9.34
84	41	4.23	34.53	61.06
85	41	0	4.14	95.51
86	41	1.24	0.04	98.72
87	41	99.8	0	0
88	41	0	100	0
89	41	99.77	0	0
90	41	0.33	99.67	0
91	41	99.79	0	0
92	41	0.58	99.42	0
93	41	99.83	0	0
94	41	0.5	99.5	0
95	41	99.84	0	0
96	41	0	100	0
97	41	99.87	0	0
98	41	0	100	0
99	41	99.87	0	0
50	42	0	0	0
52	42	0	0	0
53	42	0	0	0
54	42	0	0	0
55	42	0	0	0
56	42	0	0	0
57	42	0	0	0
58	42	0	0	0
59	42	0	0	0
60	42	0	0	0
61	42	0	0	0
62	42	0	0	0
63	42	0	0	0
64	42	0	0	0
65	42	0	0	0
66	42	0	0	0
67	42	0	0	0
68	42	0	0	0
69	42	0.03	0	0
70	42	0.31	0	0
71	42	3.36	0	0
72	42	4.42	0	0
73	42	6.16	0.02	0
74	42	7.76	0	0
75	42	16.81	0.32	0
76	42	12.65	0.05	0
77	42	29.15	1.34	0
78	42	32.47	0.61	0
79	42	47.49	4.39	0
80	42	57.86	3.01	0.03
81	42	75.37	5.98	0.01
82	42	14.01	3.2	0.01
83	42	82.73	10.39	0.56
84	42	11.21	78.48	8.17
85	42	0.8	7.69	89.62
86	42	4.89	1.34	93.38
87	42	0.09	1.14	98.13
88	42	0.23	0.45	99.32
89	42	99.27	0	0
90	42	1.24	98.76	0
91	42	98.45	0	0
92	42	2.1	97.9	0
93	42	0.02	2.17	97.25
94	42	1.29	0.09	98.62
95	42	99.51	0	0
96	42	0.8	99.2	0
97	42	99.52	0	0
98	42	0.29	99.71	0
99	42	99.72	0	0
100	42	0	100	0
101	42	99.71	0	0
102	42	0	100	0
53	43	0	0	0
55	43	0	0	0
56	43	0	0	0
57	43	0	0	0
58	43	0	0	0
59	43	0	0	0
60	43	0	0	0
61	43	0	0	0
62	43	0	0	0
63	43	0	0	0
64	43	0	0	0
65	43	0	0	0
66	43	0.01	0	0
67	43	0.08	0	0
68	43	0.42	0	0
69	43	0.88	0	0
70	43	4.86	0	0
71	43	8.31	0	0
72	43	20.66	0	0
73	43	17.25	0.07	0
74	43	25.15	0	0
75	43	25.59	0.73	0
76	43	31.98	0.12	0
77	43	31.1	2.47	0
78	43	44.79	0.92	0
79	43	41.47	6.73	0
80	43	64.33	4.33	0.19
81	43	32.34	9.5	0.04
82	43	42.99	2.99	0.17
83	43	45.36	23.16	2.12
84	43	34.46	46.12	18.2
85	43	1.15	41.24	56.99
86	43	1.5	1.3	96.84
87	43	0.01	1.98	97.69
88	43	1.07	0.22	98.71
89	43	99.71	0	0
90	43	0.7	99.3	0
91	43	99.77	0	0
92	43	0.81	99.19	0
93	43	0	0.82	98.98
94	43	0.8	0	99.2
95	43	99.78	0	0
96	43	0.72	99.28	0
97	43	99.79	0	0
98	43	0.59	99.41	0
99	43	99.85	0	0
100	43	0.44	99.56	0
101	43	99.86	0	0
102	43	0.26	99.74	0
103	43	99.76	0	0
104	43	0	100	0
52	44	0	0	0
54	44	0	0	0
55	44	0	0	0
56	44	0	0	0
57	44	0	0	0
58	44	0	0	0
59	44	0	0	0
60	44	0	0	0
61	44	0	0	0
62	44	0	0	0
63	44	0	0	0
64	44	0	0	0
65	44	0	0	0
66	44	0	0	0
67	44	0	0	0
68	44	0	0	0
69	44	0	0	0
70	44	0.01	0	0
71	44	1.19	0	0
72	44	0	0	0
73	44	0.42	0	0
74	44	1.2	0	0
75	44	2.85	0	0
76	44	3.37	0	0
77	44	7.12	0	0
78	44	8.48	0	0
79	44	16.29	0.21	0
80	44	15.83	0	0
81	44	15.34	0.33	0
82	44	16.97	0.01	0
83	44	52.26	7.16	0
84	44	67.2	25.65	2.16
85	44	3.96	69.51	22.52
86	44	7.91	3.18	84.79
87	44	0.23	23.21	75.79
88	44	2.6	1.15	96.25
89	44	0	1.47	96.25
90	44	2.65	0	96.93
91	44	0.06	2.61	95.65
92	44	2.89	2.08	94.44
93	44	2.19	8.06	89.08
94	44	3.46	1.48	94.54
95	44	0.07	3.01	96.34
96	44	2.14	0.41	97.28
97	44	0.01	1.64	97.81
98	44	1.98	0.11	97.91
99	44	99.49	0	0
100	44	1.26	98.74	0
101	44	99.59	0	0
102	44	0.89	99.11	0
103	44	99.46	0	0
104	44	0	100	0
105	44	100	0	0
106	44	0	100	0
57	45	0	0	0
58	45	0	0	0
59	45	0	0	0
60	45	0	0	0
61	45	0	0	0
62	45	0	0	0
63	45	0	0	0
64	45	0	0	0
65	45	0	0	0
66	45	0	0	0
67	45	0	0	0
68	45	0	0	0
69	45	0	0	0
70	45	0.02	0	0
71	45	0	0	0
72	45	1.28	0	0
73	45	1.05	0	0
74	45	3.77	0	0
75	45	4.02	0	0
76	45	8.61	0	0
77	45	9.2	0.01	0
78	45	16.61	0	0
79	45	16.75	0.4	0
80	45	23.4	0.04	0
81	45	22.98	0.43	0
82	45	25.97	0.26	0
83	45	61.95	11.34	0.01
84	45	70.6	24.26	2.98
85	45	1.86	69.18	26.43
86	45	3.54	13.69	81.64
87	45	0.64	11.83	87.08
88	45	1.32	1	97.68
89	45	99.69	0	0
90	45	1.18	98.68	0
91	45	0.25	2.31	96.92
92	45	1.51	0.22	97.95
93	45	0.23	4.03	95.29
94	45	1.39	0.36	97.64
95	45	0.26	1.75	97.68
96	45	1.38	0.28	98.34
97	45	0	2.42	97.41
98	45	2.1	0.02	97.87
99	45	99.83	0	0
100	45	1.88	98.12	0
101	45	99.84	0	0
102	45	0.92	99.08	0
103	45	99.87	0	0
104	45	0.34	99.66	0
105	45	99.89	0	0
106	45	0	100	0
107	45	99.89	0	0
108	45	0	100	0
56	46	0	0	0
58	46	0	0	0
59	46	0	0	0
60	46	0	0	0
61	46	0	0	0
62	46	0	0	0
63	46	0	0	0
64	46	0	0	0
65	46	0	0	0
66	46	0	0	0
67	46	0	0	0
68	46	0	0	0
69	46	0	0	0
70	46	0	0	0
71	46	0	0	0
72	46	0	0	0
73	46	0	0	0
74	46	0	0	0
75	46	0	0	0
76	46	0.06	0	0
77	46	0.35	0	0
78	46	0.77	0	0
79	46	2.91	0	0
80	46	3.98	0	0
81	46	8.15	0	0
82	46	6.7	0	0
83	46	75.84	2.35	0
84	46	75.86	9.59	0
85	46	10.07	73.2	4.62
86	46	15.15	30.3	44.51
87	46	23.34	51.26	24.09
88	46	5.12	14.92	79.96
89	46	98.78	0	0
90	46	9.72	88.79	0
91	46	0.71	23.61	73.14
92	46	17.21	7.25	74.49
93	46	4.21	28.62	63
94	46	14.22	8.87	75.04
95	46	1.49	20.81	76.18
96	46	7.6	9.9	81.56
97	46	0.98	12.5	85.9
98	46	5.14	3.26	90.91
99	46	2.73	6.02	90.61
100	46	3.48	2.56	93.48
101	46	0.06	2.85	96.59
102	46	2.02	0.35	97.62
103	46	0	1.74	97.74
104	46	1.42	0.08	98.5
105	46	99.72	0	0
106	46	0.3	99.7	0
107	46	98.72	0	0
108	46	0	100	0
109	46	99.12	0	0
110	46	0	100	0
59	47	0	0	0
60	47	0	0	0
61	47	0	0	0
62	47	0	0	0
63	47	0	0	0
64	47	0	0	0
65	47	0	0	0
66	47	0	0	0
67	47	0	0	0
68	47	0	0	0
69	47	0	0	0
70	47	0	0	0
71	47	0	0	0
72	47	0	0	0
73	47	0	0	0
74	47	0.05	0	0
75	47	0.22	0	0
76	47	0.76	0	0
77	47	1.26	0	0
78	47	4.1	0	0
79	47	3.99	0	0
80	47	6.91	0	0
81	47	7.14	0.01	0
82	47	9.84	0	0
83	47	64.35	2.54	0
84	47	85.27	11.28	0.02
85	47	3.27	88.08	4.03
86	47	8.36	69.36	19.39
87	47	0.49	74.09	24.43
88	47	3.39	22.13	73.54
89	47	0.39	46.22	52.74
90	47	1.85	1.66	96.49
91	47	99.06	0	0
92	47	3.98	95.18	0
93	47	0.11	13.69	83.66
94	47	3.36	0.27	93.38
95	47	1.2	8.75	87.37
96	47	3.64	3.54	91.59
97	47	0.54	7.35	91.5
98	47	1.63	1.08	96.71
99	47	0.31	6.21	92.86
100	47	1.23	0.53	97.74
101	47	0.18	0.94	98.62
102	47	0.8	0.23	98.88
103	47	0	1.86	97.99
104	47	1.38	0.04	98.58
105	47	99.88	0	0
106	47	1.08	98.92	0
107	47	99.16	0	0
108	47	1.27	98.73	0
109	47	99.48	0	0
110	47	2	98	0
111	47	99.6	0	0
112	47	2.07	97.93	0
113	47	99.9	0	0
58	48	0	0	0
60	48	0	0	0
62	48	0	0	0
63	48	0	0	0
64	48	0	0	0
65	48	0	0	0
66	48	0	0	0
67	48	0	0	0
68	48	0	0	0
69	48	0	0	0
70	48	0	0	0
71	48	0	0	0
72	48	0	0	0
73	48	0	0	0
74	48	0	0	0
75	48	0	0	0
76	48	0	0	0
77	48	0	0	0
78	48	0	0	0
79	48	0.16	0	0
80	48	0.65	0	0
81	48	0.72	0	0
82	48	2.72	0	0
83	48	39.81	0	0
84	48	64.31	0.23	0
85	48	21.05	50.33	0
86	48	31.28	43.43	3.67
87	48	14.13	42.3	23.53
88	48	21.42	35.37	29.28
89	48	40.83	43.8	9.21
90	48	33.84	42.05	22.35
91	48	5.28	59.44	31.52
92	48	42.08	17.28	38.99
93	48	11.25	48.27	36.79
94	48	29.66	17.64	48.87
95	48	10.94	36.99	49.32
96	48	31.79	32.24	34.39
97	48	8.23	43.92	44.66
98	48	21.72	18.09	58.87
99	48	2.49	26.25	65.05
100	48	13.02	13.99	71.75
101	48	2.79	19.4	76.4
102	48	7.77	7.33	83.99
103	48	1.11	11.46	86.86
104	48	2.12	4.9	92.67
105	48	0.08	2.14	97.38
106	48	1.54	0.26	98.2
107	48	0.01	0.64	98.96
108	48	1.32	0.07	98.61
109	48	99.36	0	0
110	48	1.23	98.77	0
111	48	99.45	0	0
112	48	1.03	98.97	0
113	48	99.73	0	0
114	48	0.13	99.87	0
115	48	99.7	0	0
63	49	0	0	0
64	49	0	0	0
65	49	0	0	0
66	49	0	0	0
67	49	0	0	0
68	49	0	0	0
69	49	0	0	0
70	49	0	0	0
71	49	0	0	0
72	49	0	0	0
73	49	0	0	0
74	49	0	0	0
75	49	0	0	0
76	49	0	0	0
77	49	0	0	0
78	49	0.02	0	0
79	49	0.05	0	0
80	49	0.86	0	0
81	49	1.19	0	0
82	49	4.3	0	0
83	49	10.61	0.01	0
84	49	92.69	0.21	0
85	49	6.47	86.67	0.02
86	49	23.51	64.26	7.39
87	49	4.36	76.97	12.08
88	49	14.92	67.39	14.33
89	49	1.24	84.67	12.08
90	49	11.41	69.62	17.88
91	49	0.65	79.18	18.85
92	49	9.2	24.77	62.97
93	49	2.22	51.95	43.95
94	49	3.84	6.1	89.52
95	49	0.31	31.3	66.86
96	49	9.22	7.06	82.95
97	49	1.13	41.93	56.09
98	49	5.36	11.18	82.75
99	49	2.87	16.04	80.39
100	49	2.99	7.26	89.07
101	49	0.71	10.89	87.84
102	49	2.09	3.55	93.46
103	49	0.75	3.27	95.29
104	49	1.78	0.88	97.05
105	49	0.1	2.07	97.68
106	49	1.52	0.2	98.28
107	49	0	1.45	98.4
108	49	1.27	0	98.73
109	49	99.86	0	0
110	49	0.74	99.26	0
111	49	99.89	0	0
112	49	0.51	99.49	0
113	49	99.89	0	0
114	49	0.51	99.49	0
115	49	99.88	0	0
116	49	0.34	99.66	0
117	49	99.9	0	0
62	50	0	0	0
64	50	0	0	0
65	50	0	0	0
66	50	0	0	0
67	50	0	0	0
68	50	0	0	0
69	50	0	0	0
70	50	0	0	0
71	50	0	0	0
72	50	0	0	0
73	50	0	0	0
74	50	0	0	0
75	50	0	0	0
76	50	0	0	0
77	50	0	0	0
78	50	0	0	0
79	50	0	0	0
80	50	0	0	0
81	50	0	0	0
82	50	0	0	0
83	50	0.02	0	0
84	50	57.91	0	0
85	50	51.74	5.47	0
86	50	64.42	1	0
87	50	49.49	23.32	0
88	50	83.3	3.94	0.01
89	50	48.84	31.96	0.45
90	50	88.07	3.55	0.63
91	50	33.88	6.68	0.4
92	50	91.65	4.22	1.46
93	50	20.25	35.27	3.24
94	50	76.87	5.78	4.6
95	50	42.24	36.01	3.66
96	50	72.22	11.51	5.83
97	50	35.25	43.74	6.39
98	50	57.61	26.65	9.47
99	50	12.72	64.54	12.25
100	50	41.9	37.71	15.56
101	50	10.27	60.62	25.61
102	50	27.46	32.42	35.97
103	50	7.85	35.11	53.33
104	50	15.71	17.25	66.04
105	50	2.17	21.88	75.47
106	50	6.55	6.59	86.08
107	50	0.23	5.06	94.2
108	50	2.11	3.38	93.96
109	50	1.68	1.88	95.78
110	50	2.04	0.96	96.48
111	50	0.04	1.54	98.02
112	50	1.39	0.32	98.29
113	50	0.01	1.81	97.76
114	50	1.22	0.08	98.69
115	50	0	0.55	99.1
116	50	0.93	0	99.07
117	50	99.71	0	0
118	50	0.92	99.08	0
119	50	99.78	0	0
69	51	0	0	0
70	51	0	0	0
71	51	0	0	0
72	51	0	0	0
73	51	0	0	0
74	51	0	0	0
75	51	0	0	0
76	51	0	0	0
77	51	0	0	0
78	51	0	0	0
79	51	0	0	0
80	51	0	0	0
81	51	0	0	0
82	51	0	0	0
83	51	0.14	0	0
84	51	31.71	0	0
85	51	33.5	6.19	0
86	51	56.36	0.52	0
87	51	37.32	30.48	0
88	51	76.89	9.96	0.02
89	51	10.79	66.93	0.92
90	51	92.69	3.25	0.76
91	51	39.7	51.34	1.4
92	51	89.47	6.9	1.89
93	51	47.1	38.63	1.34
94	51	79.33	15.82	3.48
95	51	22	72.18	3.17
96	51	61.45	30.32	7.07
97	51	5.42	83.11	9.63
98	51	39.22	42.72	17.15
99	51	3.8	67.05	24.25
100	51	17.08	41.53	40.62
101	51	3.12	52.41	43.33
102	51	8.35	27.65	63.3
103	51	2.12	26.22	70.3
104	51	6.29	9.07	83.84
105	51	0.91	12.54	86.15
106	51	1.49	2.9	95.17
107	51	0.58	1.58	97.56
108	51	1.32	0.64	97.78
109	51	0.16	3.18	96.49
110	51	1.06	0.35	98.34
111	51	0.11	1.95	97.81
112	51	0.75	0.17	98.95
113	51	0.03	1.18	98.67
114	51	0.67	0.1	99.23
115	51	99.89	0	0
116	51	0.53	99.47	0
117	51	99.9	0	0
118	51	0.37	99.57	0
119	51	0	0.51	99.4
120	51	0.29	0.03	99.68
121	51	99.92	0	0
68	52	0	0	0
70	52	0	0	0
71	52	0	0	0
72	52	0	0	0
73	52	0	0	0
74	52	0	0	0
75	52	0	0	0
76	52	0	0	0
77	52	0	0	0
78	52	0	0	0
79	52	0	0	0
80	52	0	0	0
81	52	0	0	0
82	52	0	0	0
83	52	0	0	0
84	52	2.43	0	0
85	52	5.08	0	0
86	52	1.5	0	0
87	52	26.62	0	0
88	52	10.43	0	0
89	52	36.18	1.04	0
90	52	12.75	0	0
91	52	17.56	1.26	0
92	52	25.94	0.08	0
93	52	21.03	2.03	0
94	52	35.52	0.65	0
95	52	36.62	4.34	0.01
96	52	49.82	2.36	0.07
97	52	61.94	14.57	0.45
98	52	80.83	4.33	0.77
99	52	43.74	32.96	2.07
100	52	76.08	7.27	3.17
101	52	33.81	46.72	4.11
102	52	68.19	19.16	5.42
103	52	21.25	59.99	7.27
104	52	39.77	40.9	9.79
105	52	15.28	60.73	21.58
106	52	19.88	39.29	39.69
107	52	2.78	23.65	72.79
108	52	12.42	11.54	74.98
109	52	0.98	14.18	82.23
110	52	7.17	8.34	83.51
111	52	0.87	8.15	88.02
112	52	3.69	4.18	91.43
113	52	1.51	3.35	94.69
114	52	2.48	1.22	95.77
115	52	0.13	2.45	96.99
116	52	1.67	1.75	96.08
117	52	0.07	1.46	98.15
118	52	1.04	0.43	98.3
119	52	0.05	0.84	98.62
120	52	1.3	0.21	98.49
121	52	99.74	0	0
122	52	0.92	99.08	0
123	52	99.74	0	0
124	52	0.77	98.82	0
71	53	0	0	0
73	53	0	0	0
74	53	0	0	0
75	53	0	0	0
76	53	0	0	0
77	53	0	0	0
78	53	0	0	0
79	53	0	0	0
80	53	0	0	0
81	53	0	0	0
82	53	0	0	0
83	53	0	0	0
84	53	2.66	0	0
85	53	2.39	0	0
86	53	22.84	0	0
87	53	32.46	0.02	0
88	53	69.35	0	0
89	53	67.57	1.85	0
90	53	75.62	0.03	0
91	53	28.63	1.69	0
92	53	48.92	0.32	0
93	53	26.76	3.33	0
94	53	58.63	1.1	0
95	53	65.89	14.62	0.01
96	53	90.09	5.19	0.31
97	53	50.87	34.33	0.65
98	53	81.9	12.97	2.15
99	53	22.64	62.67	2.61
100	53	62.24	31.01	4.49
101	53	22.47	66.8	5.11
102	53	40.13	49.1	8.85
103	53	11.39	75.42	11.04
104	53	25.25	44.96	29.04
105	53	2.19	57.03	40.09
106	53	5.55	20.72	73.1
107	53	0.48	13.45	85.36
108	53	2.26	6.01	91.11
109	53	1.58	7	90.71
110	53	2.12	2.13	95.28
111	53	1.06	4.69	93.79
112	53	1.44	1.43	96.75
113	53	0.5	3.23	96
114	53	1.02	0.71	98.06
115	53	0.14	1.13	98.56
116	53	0.78	0.31	98.7
117	53	0.13	0.83	98.85
118	53	0.72	0.22	99.06
119	53	0	0.93	98.9
120	53	0.61	0	99.33
121	53	0.01	0.63	99.28
122	53	0.51	0.01	99.48
123	53	0.03	0.49	99.4
124	53	0.44	0.04	99.41
125	53	0.02	0.52	99.39
126	53	0.26	0.13	99.33
70	54	0	0	0
72	54	0	0	0
74	54	0	0	0
75	54	0	0	0
76	54	0	0	0
77	54	0	0	0
78	54	0	0	0
79	54	0	0	0
80	54	0	0	0
81	54	0	0	0
82	54	0	0	0
83	54	0	0	0
84	54	0	0	0
85	54	0	0	0
86	54	0	0	0
87	54	0.07	0	0
88	54	0.15	0	0
89	54	1.55	0	0
90	54	0.94	0	0
91	54	4.3	0	0
92	54	4.17	0	0
93	54	6.53	0.01	0
94	54	10.65	0	0
95	54	22.39	0.38	0
96	54	25.73	0.04	0
97	54	23.86	1.09	0
98	54	37.75	0.5	0
99	54	48.47	3.41	0
100	54	57.69	1.72	0.01
101	54	59.99	7.98	0.12
102	54	64.18	3.03	0.33
103	54	51.31	20.14	1.07
104	54	77.38	7.51	2.37
105	54	36.96	44.64	3.43
106	54	52.85	35.18	6.28
107	54	14.65	70.8	11.06
108	54	34.76	48.53	14.65
109	54	8.78	60.69	26.74
110	54	20.07	40.5	36.84
111	54	3.95	33.12	58.73
112	54	15.1	19.44	64.34
113	54	3.61	18.33	76.54
114	54	8.79	10.2	80.18
115	54	1.32	10.74	87.38
116	54	5.4	4.95	88.81
117	54	0.75	6.02	92.8
118	54	3.69	2.42	93.19
119	54	0.32	3.51	95.65
120	54	1.86	3.14	94.35
121	54	0.12	2.35	97.26
122	54	0.88	0.93	97.74
123	54	0.37	1.14	98.19
124	54	1.29	0.4	97.67
125	54	0.26	0.95	98.52
126	54	0.84	0.42	97.87
127	54	0.12	1.18	94.59
128	54	0	0	100
75	55	0	0	0
77	55	0	0	0
78	55	0	0	0
79	55	0	0	0
80	55	0	0	0
81	55	0	0	0
82	55	0	0	0
83	55	0	0	0
84	55	0	0	0
85	55	0	0	0
86	55	0.22	0	0
87	55	1.08	0	0
88	55	13.58	0	0
89	55	22.17	0	0
90	55	16.49	0	0
91	55	35.23	0	0
92	55	16.8	0	0
93	55	35.15	0.06	0
94	55	61.47	0.11	0
95	55	65.87	1.75	0
96	55	78.85	0.52	0
97	55	46.93	2.65	0
98	55	84.67	1.84	0
99	55	64.05	17.31	0.01
100	55	89.69	4.18	0.12
101	55	51.04	41.77	0.27
102	55	84.63	10.24	0.98
103	55	36.01	53.41	1.61
104	55	53.77	40.55	3.97
105	55	17.07	75.55	5.02
106	55	23.68	54.65	20.63
107	55	1.91	57.36	39.33
108	55	14.56	23.5	61.1
109	55	1.74	28.33	67.57
110	55	6.57	15.15	77.53
111	55	2.88	17.26	78.35
112	55	4.25	7.98	87.13
113	55	0.74	11.2	87.35
114	55	3.87	3.33	92.27
115	55	0.55	5.24	93.78
116	55	1.42	2.89	95.25
117	55	0.4	4.24	95.1
118	55	1.22	1.23	97.19
119	55	0.46	1.54	97.81
120	55	0.68	0.66	98.13
121	55	0.29	0.98	98.64
122	55	0.34	0.47	98.79
123	55	0.29	0.62	98.9
124	55	0.74	0.4	98.55
125	55	0.28	0.62	98.93
126	55	0.82	0.46	98.3
127	55	0.66	2.73	96.54
128	55	0	1.48	98.52
129	55	100	0	0
130	55	100	0	0
74	56	0	0	0
76	56	0	0	0
78	56	0	0	0
79	56	0	0	0
80	56	0	0	0
81	56	0	0	0
82	56	0	0	0
83	56	0	0	0
84	56	0	0	0
85	56	0	0	0
86	56	0	0	0
87	56	0	0	0
88	56	0	0	0
89	56	0	0	0
90	56	0	0	0
91	56	0	0	0
92	56	0.09	0	0
93	56	0.17	0	0
94	56	1.07	0	0
95	56	4.29	0	0
96	56	4.99	0	0
97	56	5.71	0	0
98	56	10.53	0	0
99	56	23.57	0.32	0
100	56	25.86	0.02	0
101	56	39.65	1	0
102	56	40.09	0.27	0
103	56	47.03	2.44	0
104	56	57.27	1.87	0.02
105	56	51.63	12.81	0.28
106	56	78.57	4.42	1.18
107	56	36.68	47.02	2.3
108	56	70.84	8.79	2.62
109	56	25.98	60.16	3.66
110	56	62.1	28.45	4.67
111	56	16.33	69.05	7.02
112	56	41.66	45.14	7.84
113	56	10.51	72.65	10.8
114	56	26.68	57.03	11.72
115	56	6.09	63.31	29.04
116	56	14.35	40.5	43.82
117	56	4.13	42.04	50.55
118	56	10.23	47.7	41
119	56	2.29	26.22	70.75
120	56	7.75	21.95	69.43
121	56	1.7	5.82	92.16
122	56	2.52	4.72	91.79
123	56	1.11	2.35	95.77
124	56	1.9	35.08	62.06
125	56	0.66	27.52	71.46
126	56	1.08	45.31	52.58
127	56	0.7	1.13	95.22
128	56	2.24	2.22	95.54
129	56	100	0	0
130	56	100	0	0
131	56	100	0	0
132	56	100	0	0
133	56	100	0	0
79	57	0	0	0
81	57	0	0	0
82	57	0	0	0
83	57	0	0	0
84	57	0	0	0
85	57	0	0	0
86	57	0	0	0
87	57	0	0	0
88	57	0	0	0
89	57	0	0	0
90	57	0.01	0	0
91	57	0	0	0
92	57	1.42	0	0
93	57	1.07	0	0
94	57	14.82	0	0
95	57	25.8	0	0
96	57	47.19	0	0
97	57	20.23	0.08	0
98	57	57.59	0.01	0
99	57	59	1.26	0
100	57	53.85	0.21	0
101	57	52.58	2.85	0
102	57	71.25	0.77	0
103	57	59.8	9.77	0
104	57	80.89	4.69	0.17
105	57	58.11	26.77	0.46
106	57	65.19	24.96	1.7
107	57	29.74	58.87	2.87
108	57	49.93	38.02	5.53
109	57	11.46	72.06	7.87
110	57	24.6	47.5	26.75
111	57	3.64	63.63	28.09
112	57	16.12	31.12	51.76
113	57	4.62	40.59	53.14
114	57	10.66	16.95	71.48
115	57	1.76	22.63	74.49
116	57	6.6	9.56	83.17
117	57	1.02	22.61	75.71
118	57	4.01	5.13	90.38
119	57	0.66	6.3	92.6
120	57	1.23	3.57	94.79
121	57	0.41	3.33	96.01
122	57	1.1	1.14	97.18
123	57	0.51	1.76	97.29
124	57	1.41	1.06	97.06
125	57	0.32	1.28	97.98
126	57	1.37	0.66	97.45
127	57	2.29	1.43	96.13
128	57	1.61	0.29	98.1
129	57	99.96	0	0
130	57	0	100	0
131	57	100	0	0
132	57	0	100	0
133	57	99.83	0	0
134	57	0	100	0
135	57	100	0	0
78	58	0	0	0
80	58	0	0	0
82	58	0	0	0
83	58	0	0	0
84	58	0	0	0
85	58	0	0	0
86	58	0	0	0
87	58	0	0	0
88	58	0	0	0
89	58	0	0	0
90	58	0	0	0
91	58	0	0	0
92	58	0	0	0
93	58	0	0	0
94	58	0	0	0
95	58	0.02	0	0
96	58	0.11	0	0
97	58	0.25	0	0
98	58	0.91	0	0
99	58	2.83	0	0
100	58	3.61	0	0
101	58	8.24	0	0
102	58	14.29	0	0
103	58	24.79	0.24	0
104	58	36.37	0.12	0
105	58	30.05	1.32	0
106	58	60.07	1.08	0
107	58	61.82	8.78	0.06
108	58	69.92	2.29	0.19
109	58	56.71	19.8	0.57
110	58	74.94	3.08	0.87
111	58	40.57	41.68	1.56
112	58	82.36	7.31	1.96
113	58	24.82	60.69	2.49
114	58	75.35	14.44	3.09
115	58	16.83	71.34	4.65
116	58	59.47	28.36	5.55
117	58	18.97	68.77	5.42
118	58	51.01	37.89	7.02
119	58	6.17	84.04	7.97
120	58	20.11	62.43	16.4
121	58	2.35	51.36	44.23
122	58	11.63	59.95	26.84
123	58	2.14	79.82	16.77
124	58	33.05	56.59	9.06
125	58	2.31	86.56	10.44
126	58	54.2	33.97	10.69
127	58	1.11	14.68	82
128	58	3.6	1.82	94.58
129	58	99.39	0	0
130	58	0	100	0
131	58	99.88	0	0
132	58	0	100	0
133	58	99.85	0	0
134	58	0	100	0
135	58	100	0	0
136	58	0	100	0
137	58	99.1	0	0
82	59	0	0	0
83	59	0	0	0
84	59	0	0	0
85	59	0	0	0
86	59	0	0	0
87	59	0	0	0
88	59	0	0	0
89	59	0	0	0
90	59	0	0	0
91	59	0	0	0
92	59	0	0	0
93	59	0	0	0
94	59	0	0	0
95	59	0.18	0	0
96	59	0.2	0	0
97	59	1.74	0	0
98	59	8.75	0	0
99	59	11.81	0	0
100	59	21.13	0	0
101	59	23.14	0.06	0
102	59	37.32	0	0
103	59	38.76	0.72	0
104	59	65.63	0.39	0
105	59	61.51	6.02	0
106	59	74.58	3.67	0.05
107	59	48.49	32.8	0.22
108	59	80.11	9.69	0.59
109	59	40.34	46.94	0.85
110	59	60.88	34.45	2.21
111	59	26.82	59.54	2.36
112	59	50.59	40.5	4.77
113	59	8.1	82.23	7.47
114	59	26.61	60.55	11.51
115	59	7.41	78.96	12
116	59	15.4	55.62	28.03
117	59	5.72	76.98	15.78
118	59	9.5	27.15	62.67
119	59	0.89	43	55.04
120	59	3.1	12.96	82.94
121	59	0.61	12.84	85.32
122	59	5.09	1.51	92.57
123	59	1.08	44.08	54.14
124	59	2.47	23.05	73.92
125	59	0.61	63.01	35.77
126	59	1.74	53.07	44.75
127	59	1.45	1.95	96.18
128	59	0.82	2.53	96.66
129	59	99.6	0	0
130	59	0	100	0
131	59	99.87	0	0
132	59	0	100	0
133	59	99.82	0	0
134	59	0	100	0
135	59	99.88	0	0
136	59	0	100	0
137	59	99.92	0	0
138	59	0.14	99.86	0
139	59	99.9	0	0
82	60	0	0	0
83	60	0	0	0
84	60	0	0	0
85	60	0	0	0
86	60	0	0	0
87	60	0	0	0
88	60	0	0	0
89	60	0	0	0
90	60	0	0	0
91	60	0	0	0
92	60	0	0	0
93	60	0	0	0
94	60	0	0	0
95	60	0	0	0
96	60	0	0	0
97	60	0	0	0
98	60	0	0	0
99	60	0.03	0	0
100	60	0.11	0	0
101	60	0.53	0	0
102	60	1.51	0	0
103	60	4.27	0	0
104	60	10.34	0	0
105	60	11.78	0.08	0
106	60	31.45	0.03	0
107	60	45.83	1.1	0
108	60	47.96	0.3	0
109	60	58.94	2.66	0
110	60	64.58	0.86	0
111	60	64.93	6.3	0.03
112	60	69.61	1.63	0.09
113	60	64.71	17.13	0.29
114	60	78.45	2.45	0.41
115	60	58.82	27.42	0.89
116	60	81.11	4.82	1.27
117	60	38.94	42.23	1.68
118	60	84.39	3.43	2.37
119	60	25.42	61.51	5.9
120	60	53.62	39.97	5.16
121	60	6.32	81.04	5.89
122	60	86.5	2.89	6.17
123	60	23.79	68.86	4.73
124	60	89.66	2.72	5.37
125	60	62.68	29.69	6.57
126	60	90.25	1.4	6.9
127	60	1.34	86.06	10.71
128	60	4.12	2.46	93.42
129	60	98.37	0	0
130	60	0	100	0
131	60	99.6	0	0
132	60	0.62	99.38	0
133	60	99.66	0	0
134	60	0	100	0
135	60	99.71	0	0
136	60	0.91	99.09	0
137	60	99.22	0	0
138	60	0.97	99.03	0
139	60	99.71	0	0
140	60	0	100	0
141	60	99.56	0	0
83	61	0	0	0
85	61	0	0	0
86	61	0	0	0
87	61	0	0	0
88	61	0	0	0
89	61	0	0	0
90	61	0	0	0
91	61	0	0	0
92	61	0	0	0
93	61	0	0	0
94	61	0	0	0
95	61	0	0	0
96	61	0	0	0
97	61	0	0	0
98	61	0.01	0	0
99	61	0.06	0	0
100	61	0.49	0	0
101	61	0.86	0	0
102	61	4.86	0	0
103	61	7.62	0	0
104	61	29.2	0	0
105	61	29.91	0.15	0
106	61	46.01	0.09	0
107	61	73.05	4.97	0
108	61	88.19	1	0
109	61	75.46	14.46	0
110	61	90.3	4.42	0.05
111	61	54.14	29.96	0.09
112	61	76.13	12.03	0.36
113	61	42.8	44.13	0.53
114	61	65.87	23.21	0.92
115	61	38.62	51.89	1.33
116	61	51.9	39.99	3.08
117	61	34.59	57.02	2.74
118	61	38.52	53.51	5.22
119	61	8.26	79.76	10.48
120	61	18.09	42.08	38.8
121	61	2.21	77.19	18.88
122	61	27.3	41.64	30.39
123	61	2.88	87.42	8.23
124	61	7.91	82.68	8.52
125	61	1.07	90.16	7.9
126	61	15.91	74.65	8.81
127	61	1.56	31.81	65.78
128	61	1.73	3.83	94.44
129	61	99.8	0	0
130	61	0.46	99.54	0
131	61	99.86	0	0
132	61	0.53	99.47	0
133	61	99.89	0	0
134	61	0.44	99.56	0
135	61	99.9	0	0
136	61	0.68	99.32	0
137	61	0	0.63	99.16
138	61	0.72	0	99.28
139	61	99.9	0	0
140	61	0.58	99.42	0
141	61	99.6	0	0
142	61	0	100	0
143	61	99.91	0	0
144	61	0.13	99.87	0
82	62	0	0	0
85	62	0	0	0
86	62	0	0	0
87	62	0	0	0
88	62	0	0	0
89	62	0	0	0
90	62	0	0	0
91	62	0	0	0
92	62	0	0	0
93	62	0	0	0
94	62	0	0	0
95	62	0	0	0
96	62	0	0	0
97	62	0	0	0
98	62	0	0	0
99	62	0	0	0
100	62	0	0	0
101	62	0	0	0
102	62	0	0	0
103	62	0.03	0	0
104	62	0.6	0	0
105	62	1.07	0	0
106	62	4.13	0	0
107	62	10.04	0	0
108	62	9.19	0	0
109	62	21.21	0.09	0
110	62	31.03	0	0
111	62	46.41	0.78	0
112	62	51.87	0.17	0
113	62	61.92	1.69	0
114	62	61.94	0.57	0
115	62	66.14	3.5	0
116	62	76.06	1.52	0.02
117	62	58.64	4.54	0.12
118	62	82.42	2.71	0.28
119	62	63.62	18.8	1.28
120	62	83.15	4.95	1.63
121	62	42.42	41.25	1.85
122	62	87.52	2.56	1.9
123	62	80.43	13.78	1.42
124	62	92.1	3.15	1.57
125	62	92.42	4.23	1.93
126	62	92.06	4.06	1.94
127	62	6.98	83.09	7.9
128	62	5.63	4.96	89.4
129	62	98.42	0	0
130	62	2.55	97.45	0
131	62	99.5	0	0
132	62	1.5	98.5	0
133	62	99.56	0	0
134	62	1.11	98.89	0
135	62	99.59	0	0
136	62	1.89	97.66	0
137	62	0.29	1.66	97.42
138	62	1.65	0.86	97.49
139	62	0.01	0.61	99.02
140	62	1.29	0.09	98.63
141	62	99.4	0	0
142	62	1.23	98.77	0
143	62	99.48	0	0
144	62	1.21	98.79	0
145	62	99.72	0	0
146	62	1.48	98.52	0
85	63	0	0	0
87	63	0	0	0
88	63	0	0	0
89	63	0	0	0
90	63	0	0	0
91	63	0	0	0
92	63	0	0	0
93	63	0	0	0
94	63	0	0	0
95	63	0	0	0
96	63	0	0	0
97	63	0	0	0
98	63	0	0	0
99	63	0	0	0
100	63	0	0	0
101	63	0	0	0
102	63	0.19	0	0
103	63	0.48	0	0
104	63	14.92	0	0
105	63	6.09	0	0
106	63	49.07	0	0
107	63	23.69	0.01	0
108	63	38.47	0	0
109	63	41.95	0.35	0
110	63	60.85	0.05	0
111	63	57.95	2.92	0
112	63	89.9	1.82	0
113	63	68.1	12.79	0
114	63	79.02	3.46	0.01
115	63	58.32	21.85	0.03
116	63	79.26	9.45	0.23
117	63	57.7	31.74	0.34
118	63	75.91	18.63	0.9
119	63	37.12	56.61	1.97
120	63	41.51	54.07	3.25
121	63	11.99	79.76	2.88
122	63	52.95	40.7	4.88
123	63	27.47	68.21	2.04
124	63	63.13	32.44	3.28
125	63	2.52	92.25	3.96
126	63	73.58	19.93	5.21
127	63	2.31	86.26	10.19
128	63	4.57	4.89	90.53
129	63	99.8	0	0
130	63	1.34	98.66	0
131	63	99.85	0	0
132	63	0.74	99.26	0
133	63	99.87	0	0
134	63	0.61	99.39	0
135	63	99.87	0	0
136	63	0.73	99.04	0
137	63	0.16	1.1	98.58
138	63	0.76	0.42	98.82
139	63	0	0.93	98.94
140	63	0.58	0.1	99.33
141	63	99.91	0	0
142	63	0.58	99.42	0
143	63	99.91	0	0
144	63	0.51	99.49	0
145	63	99.91	0	0
146	63	2.16	97.84	0
147	63	99.12	0	0
148	63	2.86	97.14	0
88	64	0	0	0
90	64	0	0	0
91	64	0	0	0
92	64	0	0	0
93	64	0	0	0
94	64	0	0	0
95	64	0	0	0
96	64	0	0	0
97	64	0	0	0
98	64	0	0	0
99	64	0	0	0
100	64	0	0	0
101	64	0	0	0
102	64	0	0	0
103	64	0	0	0
104	64	0	0	0
105	64	0	0	0
106	64	0.03	0	0
107	64	0.35	0	0
108	64	0.63	0	0
109	64	1.97	0	0
110	64	4.34	0	0
111	64	12.02	0	0
112	64	15.44	0	0
113	64	31.69	0.09	0
114	64	30.37	0	0
115	64	45.86	0.39	0
116	64	53.01	0.12	0
117	64	39.83	0.99	0
118	64	62.42	0.67	0
119	64	71.76	3.8	0.01
120	64	73.68	1.54	0.01
121	64	71.32	5.32	0.05
122	64	84.33	1.4	0.07
123	64	85.29	4.02	0.06
124	64	86.43	2.22	0.11
125	64	90.23	4.39	0.13
126	64	89.11	2.77	0.23
127	64	72.91	21.89	2.52
128	64	7.82	79.47	11.99
129	64	0.23	5.63	92.02
130	64	4.04	0.63	94.67
131	64	0.15	2.08	96.63
132	64	2.68	0.44	96.42
133	64	0.16	2.46	96.79
134	64	2.34	0.34	96.96
135	64	0	0.81	99.19
136	64	95.25	0	0
137	64	11.43	87.68	0
138	64	2.22	31.58	65.52
139	64	0.21	2.45	96.9
140	64	1.58	0.94	97.09
141	64	0.09	1.47	97.84
142	64	1.68	0.21	97.96
143	64	0.14	1.6	97.65
144	64	1.22	0.2	97.97
145	64	0.25	0.87	98.51
146	64	1.77	0.45	97.78
147	64	0	0.76	98.12
148	64	1.22	0.14	98.65
149	64	99.35	0	0
150	64	0	100	0
89	65	0	0	0
91	65	0	0	0
93	65	0	0	0
94	65	0	0	0
95	65	0	0	0
96	65	0	0	0
97	65	0	0	0
98	65	0	0	0
99	65	0	0	0
100	65	0	0	0
101	65	0	0	0
102	65	0	0	0
103	65	0	0	0
104	65	0	0	0
105	65	0.03	0	0
106	65	3.08	0	0
107	65	3.3	0	0
108	65	14.79	0	0
109	65	20	0	0
110	65	57.43	0	0
111	65	63.39	0.07	0
112	65	54.4	0	0
113	65	54.45	0.58	0
114	65	65.07	0.05	0
115	65	56.93	3.18	0
116	65	72.24	0.59	0
117	65	72.21	6.85	0
118	65	86.03	2.35	0.01
119	65	48.5	45.82	0.13
120	65	88.8	8.5	0.32
121	65	46.12	36.46	0.18
122	65	93.08	4.14	0.34
123	65	49.66	42.53	0.21
124	65	88.74	7.41	0.78
125	65	50.7	37.41	0.47
126	65	80.91	2.69	0.75
127	65	28.16	66.01	4.43
128	65	6.01	31.94	61.66
129	65	0.4	6.76	91.81
130	65	2.13	0.87	97
131	65	0.08	2.11	97.05
132	65	1.41	0.1	97.89
133	65	0.27	1.66	97.43
134	65	0.64	0.17	98.88
135	65	0.32	1.92	97.12
136	65	1.59	0.63	97.35
137	65	0.59	3.18	95.84
138	65	1.39	0.92	97.31
139	65	0.26	1.63	97.83
140	65	0.85	0.55	98.3
141	65	0.16	0.97	98.63
142	65	0.75	0.29	98.8
143	65	0.18	1.14	98.56
144	65	0.82	0.12	99.06
145	65	0.04	0.77	98.92
146	65	0.9	0.05	99.05
147	65	0.17	0.98	98.54
148	65	0.75	0	99.25
149	65	99.92	0	0
150	65	0.12	99.88	0
151	65	99.92	0	0
152	65	0	100	0
153	65	99.3	0	0
90	66	0	0	0
92	66	0	0	0
94	66	0	0	0
95	66	0	0	0
96	66	0	0	0
97	66	0	0	0
98	66	0	0	0
99	66	0	0	0
100	66	0	0	0
101	66	0	0	0
102	66	0	0	0
103	66	0	0	0
104	66	0	0	0
105	66	0	0	0
106	66	0	0	0
107	66	0	0	0
108	66	0	0	0
109	66	0.01	0	0
110	66	0.11	0	0
111	66	0.87	0	0
112	66	1.92	0	0
113	66	6.32	0	0
114	66	7.98	0	0
115	66	13.49	0	0
116	66	20.52	0	0
117	66	16.17	0.05	0
118	66	29.07	0.01	0
119	66	54.17	0.75	0
120	66	49.1	0.08	0
121	66	46.04	0.68	0
122	66	67.82	0.12	0
123	66	67.83	1.26	0
124	66	57	0.29	0
125	66	63.58	1.87	0
126	66	64.03	0.5	0
127	66	90.1	5.91	0.41
128	66	9.68	81.86	5.37
129	66	1.74	42.38	52.87
130	66	5.35	1.41	92.04
131	66	0.39	4.61	93.5
132	66	3.13	0.44	94.71
133	66	1.01	3.2	94.03
134	66	2.96	4.9	90.89
135	66	1.29	7.65	89.41
136	66	6.2	8.63	83.61
137	66	4.33	19.46	74.98
138	66	3.98	11.85	82.9
139	66	1.34	6.92	91.08
140	66	2.84	4.64	91.43
141	66	0.81	3.92	94.7
142	66	2.37	2.34	94.45
143	66	0.31	6.21	92.59
144	66	1.99	1.64	95.45
145	66	0.46	2.35	96.64
146	66	2.29	2.21	94.74
147	66	0.1	2.58	96.55
148	66	1.75	0.47	97.63
149	66	0.02	0.85	98.62
150	66	1.2	0.52	98.28
151	66	99.72	0	0
152	66	1.23	98.77	0
153	66	97.39	0	0
154	66	0	100	0
155	66	99.96	0	0
95	67	0	0	0
97	67	0	0	0
98	67	0	0	0
99	67	0	0	0
100	67	0	0	0
101	67	0	0	0
102	67	0	0	0
103	67	0	0	0
104	67	0	0	0
105	67	0	0	0
106	67	0	0	0
107	67	0	0	0
108	67	0.01	0	0
109	67	0.07	0	0
110	67	1.01	0	0
111	67	2.2	0	0
112	67	14.59	0	0
113	67	15.42	0	0
114	67	31.63	0	0
115	67	28.08	0.01	0
116	67	42.75	0	0
117	67	34.28	0.4	0
118	67	59.72	0.12	0
119	67	77.08	4.83	0
120	67	83.61	0.73	0
121	67	69.13	6.7	0
122	67	87.64	1.29	0
123	67	76.46	11.86	0
124	67	82.36	1.26	0
125	67	58.52	3.9	0
126	67	59.16	1.93	0.01
127	67	41.77	55.49	0.62
128	67	13.12	61.52	23.84
129	67	0.84	10.74	86.16
130	67	5.12	1.97	92.34
131	67	0.3	3.72	95.07
132	67	2.75	0.31	96.2
133	67	0.63	4.06	94.38
134	67	2.61	1.48	95.34
135	67	0.97	5.32	92.79
136	67	3.08	1.09	94.61
137	67	0.62	11.99	86.14
138	67	2.85	1.83	94.64
139	67	0.59	4.93	93.81
140	67	1.81	1.4	96.26
141	67	0.5	2.33	96.65
142	67	1.44	0.89	97.16
143	67	0.91	4.1	94.67
144	67	1.14	0.77	97.73
145	67	0.34	1.07	98.28
146	67	1.11	0.44	98.06
147	67	0.51	1.32	98
148	67	0.76	0.65	98.52
149	67	0.01	0.91	99
150	67	0.47	0.22	99.32
151	67	99.9	0	0
152	67	0.4	99.6	0
153	67	99.93	0	0
154	67	0.2	99.8	0
155	67	99.93	0	0
156	67	0	100	0
157	67	99.94	0	0
94	68	0	0	0
96	68	0	0	0
98	68	0	0	0
99	68	0	0	0
100	68	0	0	0
101	68	0	0	0
102	68	0	0	0
103	68	0	0	0
104	68	0	0	0
105	68	0	0	0
106	68	0	0	0
107	68	0	0	0
108	68	0	0	0
109	68	0	0	0
110	68	0	0	0
111	68	0	0	0
112	68	0	0	0
113	68	0.03	0	0
114	68	0.16	0	0
115	68	1.29	0	0
116	68	2.91	0	0
117	68	1.83	0	0
118	68	5.56	0	0
119	68	18.56	0	0
120	68	13.91	0	0
121	68	13.43	0	0
122	68	30.56	0	0
123	68	28.91	0.04	0
124	68	17.67	0	0
125	68	25.89	0.07	0
126	68	19.27	0.01	0
127	68	89.73	4.87	0
128	68	33.67	59.45	0.23
129	68	2.79	82.61	9.35
130	68	8.35	3.66	84.73
131	68	1.28	19.75	76.97
132	68	5.01	7.13	84.63
133	68	1.91	32.17	63.17
134	68	11.62	41.56	44.87
135	68	1.71	45.6	50.05
136	68	18.94	34.37	43.96
137	68	10.04	50.38	35.77
138	68	17.92	43.13	37.09
139	68	4.15	44.72	49.84
140	68	9.29	28.28	60.92
141	68	1.64	22.4	74.77
142	68	6.61	15.69	76.33
143	68	5.09	9.65	83.98
144	68	4.24	6.85	87.7
145	68	1.14	6.86	91.27
146	68	5.2	4.04	89.77
147	68	1.19	8.46	89.51
148	68	3.6	3.03	92.53
149	68	0.28	4.24	95.02
150	68	1.76	0.73	97.22
151	68	0.06	1.3	98.29
152	68	1.58	0.33	97.55
153	68	0.04	1.66	96.15
154	68	2.21	0.18	97.61
155	68	98.88	0	0
156	68	1.61	98.39	0
157	68	99.22	0	0
158	68	0	100	0
159	68	99.83	0	0
99	69	0	0	0
100	69	0	0	0
102	69	0	0	0
103	69	0	0	0
104	69	0	0	0
105	69	0	0	0
106	69	0	0	0
107	69	0	0	0
108	69	0	0	0
109	69	0	0	0
110	69	0	0	0
111	69	0	0	0
112	69	0.72	0	0
113	69	2.12	0	0
114	69	25.91	0	0
115	69	13.38	0	0
116	69	47.13	0	0
117	69	12.12	0	0
118	69	55.41	0	0
119	69	30.29	0.07	0
120	69	32.8	0	0
121	69	25.89	0.11	0
122	69	52.79	0	0
123	69	34.05	0.45	0
124	69	40.83	0.03	0
125	69	31.37	0.8	0
126	69	34.73	0.19	0
127	69	78.07	17.44	0
128	69	62.57	32.76	2.07
129	69	2.07	69.51	25.8
130	69	6.17	5.83	86.76
131	69	0.52	8.83	88.34
132	69	5.72	1.12	91.42
133	69	1.64	6.42	90.11
134	69	3.83	9.03	86.08
135	69	1.34	15.5	81.45
136	69	3.91	9.67	85.35
137	69	1.66	37.42	59.71
138	69	6.42	18.64	74.1
139	69	0.6	27.66	70.72
140	69	3.27	11.61	84.35
141	69	0.51	13.41	85.15
142	69	2.68	7.48	89.34
143	69	0.63	10.51	87.82
144	69	2.13	2.61	94.77
145	69	0.7	6.03	92.82
146	69	2	2.08	95.31
147	69	0.44	5.22	93.61
148	69	1.59	0.93	96.63
149	69	0.42	1.61	97.27
150	69	1.76	0.66	97.39
151	69	0.29	1.65	97.91
152	69	1.33	0.55	97.51
153	69	0.5	1.63	96.36
154	69	2.67	0.03	97.29
155	69	99.92	0	0
156	69	2.66	97.34	0
157	69	99.92	0	0
158	69	3.26	96.74	0
159	69	99.92	0	0
160	69	3.39	96.61	0
161	69	99.93	0	0
98	70	0	0	0
100	70	0	0	0
101	70	0	0	0
102	70	0	0	0
103	70	0	0	0
104	70	0	0	0
105	70	0	0	0
106	70	0	0	0
107	70	0	0	0
108	70	0	0	0
109	70	0	0	0
110	70	0	0	0
111	70	0	0	0
112	70	0	0	0
113	70	0	0	0
114	70	0	0	0
115	70	0	0	0
116	70	0	0	0
117	70	0.02	0	0
118	70	0.31	0	0
119	70	1.54	0	0
120	70	1.15	0	0
121	70	0.95	0	0
122	70	2.87	0	0
123	70	3.73	0	0
124	70	3.95	0	0
125	70	6.99	0	0
126	70	5.09	0	0
127	70	89.01	0.48	0
128	70	76.49	5.4	0
129	70	8.73	80.55	1.29
130	70	13.64	61.69	18.03
131	70	3.38	75.57	17.11
132	70	26.8	44.09	24.24
133	70	4.16	80.14	11.28
134	70	42.33	48.49	5.65
135	70	10.18	78.79	7.37
136	70	38.89	50.93	6.54
137	70	21.69	62.44	7.32
138	70	41.4	49.27	6.18
139	70	14.79	73.59	8.33
140	70	37.45	50.83	9.11
141	70	4.78	75.71	17.36
142	70	25.35	54.04	18.5
143	70	3.7	46.95	42.61
144	70	13.3	32.78	52.19
145	70	5.19	31.38	61.88
146	70	11.38	22.15	64.81
147	70	3.83	19.61	75.45
148	70	6.46	11.01	81.13
149	70	1.56	16.25	81.31
150	70	4.63	6.4	87.87
151	70	0.7	6.27	92.54
152	70	1.9	2.38	94.54
153	70	0.79	3.73	94.04
154	70	1.82	0.78	96.58
155	70	0.01	1.91	96.9
156	70	2.23	0.09	97.67
157	70	0	1.31	97.86
158	70	2.23	0	97.77
159	70	99.71	0	0
160	70	2.05	97.95	0
161	70	99.58	0	0
162	70	1.71	98.29	0
163	70	98.7	0	0
164	70	0	100	0
103	71	0	0	0
104	71	0	0	0
105	71	0	0	0
106	71	0	0	0
107	71	0	0	0
108	71	0	0	0
109	71	0	0	0
110	71	0	0	0
111	71	0	0	0
112	71	0	0	0
113	71	0	0	0
114	71	0	0	0
115	71	0	0	0
116	71	0.11	0	0
117	71	0.14	0	0
118	71	4.54	0	0
119	71	6	0	0
120	71	8.78	0	0
121	71	6.38	0	0
122	71	13.21	0	0
123	71	13.01	0	0
124	71	13.65	0	0
125	71	11.69	0	0
126	71	12.22	0	0
127	71	87.24	2.93	0
128	71	83.23	11.97	0
129	71	4.83	88.03	2.83
130	71	12.56	53.55	31.46
131	71	1.28	62.45	33.89
132	71	7.55	26.88	63.95
133	71	2.18	48.05	47.22
134	71	10.34	37.97	50.41
135	71	1.98	69.91	25.54
136	71	9.72	37.77	51.06
137	71	6.17	64.92	27.33
138	71	12.95	36.93	48.8
139	71	3.45	63.62	31.39
140	71	9.75	37.33	51.66
141	71	1.93	44.63	51.89
142	71	8.56	26.99	63.39
143	71	5.8	23.95	68.22
144	71	4.28	12.83	81.71
145	71	1.04	20.15	77.44
146	71	3.57	7.95	87.13
147	71	0.56	7.98	90.01
148	71	2.41	4.94	91.21
149	71	0.46	8.15	90.03
150	71	1.94	1.69	94.58
151	71	0.54	2.3	96.47
152	71	1.49	1.07	96.76
153	71	0.98	3.39	95.04
154	71	1.6	1.01	97.38
155	71	0.04	1.5	97.35
156	71	1.36	0.02	98.62
157	71	99.42	0	0
158	71	1.26	98.74	0
159	71	0	0.73	99.12
160	71	0.61	0	99.39
161	71	0	0.75	99.19
162	71	0.38	0	99.62
163	71	99.93	0	0
164	71	0.11	99.89	0
165	71	99.95	0	0
166	71	0	100	0
102	72	0	0	0
104	72	0	0	0
105	72	0	0	0
106	72	0	0	0
107	72	0	0	0
108	72	0	0	0
109	72	0	0	0
110	72	0	0	0
111	72	0	0	0
112	72	0	0	0
113	72	0	0	0
114	72	0	0	0
115	72	0	0	0
116	72	0	0	0
117	72	0	0	0
118	72	0	0	0
119	72	0	0	0
120	72	0	0	0
121	72	0	0	0
122	72	0	0	0
123	72	0.02	0	0
124	72	0.19	0	0
125	72	0.99	0	0
126	72	1.38	0	0
127	72	66.36	0	0
128	72	57.19	0.22	0
129	72	17.65	52.92	0
130	72	38.46	38.53	1.33
131	72	55.53	37.22	0.98
132	72	66.79	23.37	2.29
133	72	49.17	42.37	1.16
134	72	79.46	13.87	1.38
135	72	35.89	57.4	1.67
136	72	80.45	14.06	1.34
137	72	31.25	49.74	1.34
138	72	81.27	12.78	1.77
139	72	37.94	53.53	1.66
140	72	78.32	16.21	1.97
141	72	28.95	64.7	2.91
142	72	67.39	26.27	3.02
143	72	12.8	72.21	5.24
144	72	40.69	51.64	5.43
145	72	13.26	74.21	8.26
146	72	27.39	59.26	11.33
147	72	4.81	64.81	28.89
148	72	18.14	47.19	32.86
149	72	7.86	43.06	47.95
150	72	11.43	27.94	59.02
151	72	1.41	20.12	77.6
152	72	6.98	11.58	79.95
153	72	3.06	10.8	84.07
154	72	3.18	4.35	91.73
155	72	0.09	4.36	94.22
156	72	1.99	0.21	96.93
157	72	0.41	3.86	94.8
158	72	1.64	0.54	96.57
159	72	0.44	1.78	97.06
160	72	1.57	1.15	96.12
161	72	0.67	1.81	97.11
162	72	1.8	0.98	96.95
163	72	0.02	1.47	98.21
164	72	1.4	0.2	98.4
165	72	99.34	0	0
166	72	0	100	0
167	72	99.81	0	0
168	72	0	100	0
107	73	0	0	0
108	73	0	0	0
109	73	0	0	0
110	73	0	0	0
111	73	0	0	0
112	73	0	0	0
113	73	0	0	0
114	73	0	0	0
115	73	0	0	0
116	73	0	0	0
117	73	0	0	0
118	73	0	0	0
119	73	0.07	0	0
120	73	0.62	0	0
121	73	0.04	0	0
122	73	0.79	0	0
123	73	0.71	0	0
124	73	2.45	0	0
125	73	1.76	0	0
126	73	3.99	0	0
127	73	69.82	0.13	0
128	73	89.45	1.45	0
129	73	30.22	62.09	0
130	73	64.29	28.71	2.71
131	73	4.11	91.6	1.92
132	73	26.36	58.22	13.11
133	73	6.04	87.06	4.72
134	73	26.19	53.59	16.81
135	73	23.93	70.65	2.8
136	73	45.11	46.27	6.23
137	73	21.54	72.74	2.94
138	73	32.93	57.6	7.35
139	73	13.51	79.86	4.38
140	73	34.38	58.4	5.6
141	73	4.19	86.76	6.77
142	73	25.07	64.2	9.48
143	73	8.02	74.79	13.44
144	73	15.33	53.32	30.44
145	73	5.59	59.24	33.88
146	73	10.24	32.52	56.47
147	73	1	41.78	56.33
148	73	8.45	21.75	69.23
149	73	0.74	30.9	67.66
150	73	4.9	10.58	84.01
151	73	0.44	10.9	88.01
152	73	2.06	7.26	90.16
153	73	0.42	6.58	92.27
154	73	1.44	1.42	96.8
155	73	0.54	3.51	95.71
156	73	1.07	0.58	98.07
157	73	0.44	2.34	96.97
158	73	1.07	0.51	98.16
159	73	0.3	1.09	98.38
160	73	0.94	0.62	98.17
161	73	0.25	0.97	98.61
162	73	1.45	1.11	96.85
163	73	0.06	2.12	97.71
164	73	1.57	0.56	97.87
165	73	99.93	0	0
166	73	0.18	99.82	0
167	73	99.93	0	0
168	73	0	100	0
169	73	100	0	0
170	73	100	0	0
106	74	0	0	0
108	74	0	0	0
109	74	0	0	0
110	74	0	0	0
111	74	0	0	0
112	74	0	0	0
113	74	0	0	0
114	74	0	0	0
115	74	0	0	0
116	74	0	0	0
117	74	0	0	0
118	74	0	0	0
119	74	0	0	0
120	74	0	0	0
121	74	0	0	0
122	74	0	0	0
123	74	0	0	0
124	74	0	0	0
125	74	0	0	0
126	74	0	0	0
127	74	20.12	0	0
128	74	18.69	0	0
129	74	23.94	8.45	0
130	74	46.11	1.61	0
131	74	55.69	8.77	0
132	74	82.15	2.74	0.01
133	74	55.77	13.11	0.02
134	74	89.32	2.36	0.02
135	74	50.22	14.6	0.03
136	74	92.24	1.94	0.06
137	74	53.21	20.58	0.09
138	74	88.18	2.6	0.12
139	74	59.79	24.41	0.2
140	74	89.56	2.59	0.19
141	74	58.77	32.49	0.37
142	74	86.1	3.37	0.5
143	74	37.8	48.11	0.78
144	74	83.9	9.87	1.03
145	74	29.23	60.07	1.47
146	74	73.21	20.37	1.9
147	74	18.26	75.37	2.98
148	74	58.9	35.85	3.16
149	74	17.9	73.79	5.2
150	74	32.83	58.39	6.83
151	74	5.8	79.23	13.61
152	74	16.11	60.37	21.75
153	74	4.5	36.88	57.06
154	74	6.67	16.24	75.84
155	74	2.97	10.32	85.32
156	74	4.65	5.87	88.22
157	74	3.05	5.94	89.74
158	74	4.55	3.1	91.2
159	74	0.89	8.48	89.96
160	74	4.92	2.81	91.21
161	74	0.97	5.8	92.73
162	74	3.12	4.05	92.12
163	74	0.43	3.14	95.99
164	74	2.23	1.19	96.59
165	74	0.01	1.97	97.46
166	74	1.26	0.2	98.54
167	74	99.52	0	0
168	74	0	100	0
169	74	99.41	0	0
170	74	1.85	98.15	0
171	74	100	0	0
172	74	0	100	0
173	74	99.57	0	0
109	75	0	0	0
110	75	0	0	0
111	75	0	0	0
112	75	0	0	0
113	75	0	0	0
114	75	0	0	0
115	75	0	0	0
116	75	0	0	0
117	75	0	0	0
118	75	0	0	0
119	75	0	0	0
120	75	0	0	0
121	75	0	0	0
122	75	0	0	0
123	75	0	0	0
124	75	0	0	0
125	75	0.02	0	0
126	75	0.24	0	0
127	75	26.3	0	0
128	75	83.27	0	0
129	75	82.67	5.16	0
130	75	86.52	4.96	0
131	75	58.47	38	0.02
132	75	80.15	14.31	0.38
133	75	53.28	42.98	0.19
134	75	77.9	16.46	0.7
135	75	10.49	84.6	0.3
136	75	88.51	8.72	0.52
137	75	32.23	64.11	0.36
138	75	81.83	15.91	0.53
139	75	31.28	65.6	0.47
140	75	77.3	19.96	0.88
141	75	25.31	71.59	0.71
142	75	69.98	27.41	1.2
143	75	14.49	75.26	1.39
144	75	52.67	43.73	2.4
145	75	10.74	80.01	2.82
146	75	33.84	59.94	5.02
147	75	4.92	87.95	5.67
148	75	20.14	69.67	9.24
149	75	7.42	79.38	12.18
150	75	11.11	53.04	35.08
151	75	1.13	53.4	44.48
152	75	7.05	19.49	72.73
153	75	1.1	20.06	77.84
154	75	2.74	7.53	89.14
155	75	1.46	7.53	90.2
156	75	2.28	2.79	94.31
157	75	0.96	5.69	92.6
158	75	1.78	1.89	95.71
159	75	0.4	5.28	93.7
160	75	2.12	1.74	95.46
161	75	0.41	3.41	95.48
162	75	1.69	1.86	95.79
163	75	0.48	2.32	96.73
164	75	1.28	0.88	97.84
165	75	0	1.71	98.1
166	75	0.69	0	99.31
167	75	99.92	0	0
168	75	0.84	99.16	0
169	75	99.69	0	0
170	75	0	100	0
171	75	99.97	0	0
172	75	0.05	99.65	0
173	75	1.07	0.29	98.59
174	75	0	1.68	98.32
175	75	99.93	0	0
108	76	0	0	0
110	76	0	0	0
111	76	0	0	0
112	76	0	0	0
113	76	0	0	0
114	76	0	0	0
115	76	0	0	0
116	76	0	0	0
117	76	0	0	0
118	76	0	0	0
119	76	0	0	0
120	76	0	0	0
121	76	0	0	0
122	76	0	0	0
123	76	0	0	0
124	76	0	0	0
125	76	0	0	0
126	76	0	0	0
127	76	0.39	0	0
128	76	4.74	0	0
129	76	10.13	0.01	0
130	76	26.38	0	0
131	76	40.91	3.04	0
132	76	65.71	0.05	0
133	76	33.38	1.69	0
134	76	88.59	0.11	0
135	76	70.42	2.8	0
136	76	87.23	0.11	0
137	76	79.13	2.96	0
138	76	87.3	0.29	0
139	76	58.94	3.19	0
140	76	79.62	0.36	0
141	76	72.1	4.27	0
142	76	76.68	0.61	0
143	76	65.05	9.36	0.01
144	76	83.13	1.29	0.02
145	76	62.83	20.21	0.13
146	76	88.64	2.5	0.21
147	76	49.94	42.05	0.47
148	76	85.78	4.01	0.6
149	76	40.74	46.73	0.87
150	76	82.9	9.02	1.3
151	76	21.74	72.67	2.11
152	76	57.37	37.49	2.71
153	76	12.86	79.75	4.66
154	76	21.32	65.88	11.08
155	76	3.41	46.99	45.29
156	76	11.41	28.53	58.57
157	76	4.42	29.79	64.7
158	76	8.32	11.21	79.15
159	76	1.7	14.83	80.11
160	76	9.19	8.44	80.82
161	76	2.34	14.68	81.92
162	76	10.21	8.24	80.24
163	76	1.56	11.01	86.74
164	76	3.33	3.87	92.31
165	76	0.11	3.34	95.22
166	76	1.82	0.51	97.67
167	76	99.39	0	0
168	76	2.74	97.05	0
169	76	0	1.18	98.82
170	76	100	0	0
171	76	99.46	0	0
172	76	0.94	94.38	0
173	76	3.98	0.93	93.22
174	76	0.28	6.7	93.03
175	76	99.77	0	0
176	76	3.27	96.73	0
177	76	99.12	0	0
113	77	0	0	0
114	77	0	0	0
115	77	0	0	0
116	77	0	0	0
117	77	0	0	0
118	77	0	0	0
119	77	0	0	0
120	77	0	0	0
121	77	0	0	0
122	77	0	0	0
123	77	0	0	0
124	77	0	0	0
125	77	0	0	0
126	77	0	0	0
127	77	1.29	0	0
128	77	16.57	0	0
129	77	23.09	0.28	0
130	77	46.1	0	0
131	77	39.88	16.98	0
132	77	74.07	0.38	0
133	77	65.62	26.74	0
134	77	94.27	0.69	0
135	77	69.5	25.59	0
136	77	94.99	0.77	0
137	77	78.18	16.2	0
138	77	96.01	1.35	0
139	77	75.71	15.8	0
140	77	95.63	1.97	0.01
141	77	65.24	31.35	0.01
142	77	91.37	4.23	0.07
143	77	50.83	39.61	0.05
144	77	87.19	9.34	0.2
145	77	28.64	58.88	0.25
146	77	78.47	18.5	0.55
147	77	19.77	76.57	0.71
148	77	55.09	41.64	1.35
149	77	22.8	73.41	1.34
150	77	35.37	60.5	2.52
151	77	8.1	87.13	3.06
152	77	20.84	66.84	11.09
153	77	5.18	74.35	19.11
154	77	8.14	31.89	59.33
155	77	2.95	24.8	71.01
156	77	4.36	11.82	83.3
157	77	1.94	8.95	88.16
158	77	2.83	4.36	92.33
159	77	0.35	5.75	93.18
160	77	3.21	4.12	92.16
161	77	1.06	9.17	88.84
162	77	3.15	5.77	90.56
163	77	0.48	5.34	93.62
164	77	1.54	1.42	96.83
165	77	0.63	2.49	96.73
166	77	0.47	0.26	99.27
167	77	99.88	0	0
168	77	0	100	0
169	77	98.81	0	0
170	77	2.62	97.38	0
171	77	99.63	0	0
172	77	4.26	94.43	0
173	77	0.06	1.21	98.57
174	77	0.6	0.04	99.36
175	77	0	1.3	98.63
176	77	0.41	0	99.59
177	77	99.76	0	0
178	77	3.89	90.63	0
179	77	0.17	10.12	89.59
112	78	0	0	0
114	78	0	0	0
116	78	0	0	0
117	78	0	0	0
118	78	0	0	0
119	78	0	0	0
120	78	0	0	0
121	78	0	0	0
122	78	0	0	0
123	78	0	0	0
124	78	0	0	0
125	78	0	0	0
126	78	0	0	0
127	78	0	0	0
128	78	0.07	0	0
129	78	1.51	0	0
130	78	9.52	0	0
131	78	14.92	0	0
132	78	44.51	0	0
133	78	45.49	0.02	0
134	78	58.44	0	0
135	78	42.7	0.05	0
136	78	56.71	0	0
137	78	45.3	0.13	0
138	78	60.29	0	0
139	78	30.6	0.24	0
140	78	47.59	0	0
141	78	45.8	0.53	0
142	78	45.2	0.01	0
143	78	49.39	0.79	0
144	78	64.97	0.07	0
145	78	61.05	1.82	0
146	78	69.86	0.28	0
147	78	74.63	4.45	0
148	78	77.4	0.82	0
149	78	65.58	9.43	0.03
150	78	83.81	1.6	0.1
151	78	57.31	31.45	0.29
152	78	85.61	3.72	0.48
153	78	29.61	61.18	1.09
154	78	66.53	29.12	1.41
155	78	11.21	79.41	3.21
156	78	37.24	55.6	4.25
157	78	4.66	81.27	9.82
158	78	19.43	68.89	9.87
159	78	4.35	74.62	19.28
160	78	15.92	61.42	21.05
161	78	5.21	69.98	21.22
162	78	18.2	54.68	25.51
163	78	3.4	51.95	43.4
164	78	6.52	8.6	83.78
165	78	1.66	4.7	92.37
166	78	0	0.31	99.69
167	78	98.15	0	0
168	78	2.6	94.57	0
169	78	1.33	2.13	93.14
170	78	2.79	0.88	93.6
171	78	1.27	2.65	93.51
172	78	1.72	0.37	93.65
173	78	3.24	1.57	94.21
174	78	2.14	1.65	93.21
175	78	0.14	4.06	94.36
176	78	2.62	1.07	94.4
177	78	0.79	0.38	95.07
178	78	6.69	0.39	92.72
179	78	0.01	6.71	90.66
180	78	0	0.15	99.85
181	78	99.5	0	0
182	78	4.45	95.55	0
117	79	0	0	0
118	79	0	0	0
119	79	0	0	0
120	79	0	0	0
121	79	0	0	0
122	79	0	0	0
123	79	0	0	0
124	79	0	0	0
125	79	0	0	0
126	79	0	0	0
127	79	0	0	0
128	79	4.25	0	0
129	79	5.22	0	0
130	79	25.78	0	0
131	79	18.99	0	0
132	79	68.12	0	0
133	79	60.49	0.53	0
134	79	84.1	0	0
135	79	75.37	0.46	0
136	79	93.59	0	0
137	79	90.02	1.59	0
138	79	94.48	0.02	0
139	79	72.95	2.55	0
140	79	91.24	0.04	0
141	79	81.47	3.59	0
142	79	92.74	0.14	0
143	79	77.69	5.99	0
144	79	94.53	0.61	0
145	79	68.85	14.83	0
146	79	93.5	1.35	0
147	79	57.37	30.47	0.01
148	79	92.5	4.18	0.05
149	79	56.77	37.69	0.09
150	79	82.72	14.98	0.29
151	79	31.01	66.78	0.45
152	79	50.46	46.64	1.03
153	79	15.15	81.45	1.54
154	79	26.03	65.22	7.87
155	79	3.63	79.09	13.25
156	79	11.01	46.96	41.28
157	79	2.86	52.94	41.15
158	79	8.16	22.99	68.19
159	79	2.65	30.8	64.55
160	79	8	15.18	76.17
161	79	2.51	25.43	70.41
162	79	9.85	11.73	77.84
163	79	0.66	14.74	83.79
164	79	3.14	3.95	91.88
165	79	0.08	2.22	97.7
166	79	97.57	0	0
167	79	0.43	96.34	0
168	79	2.45	0.64	94.28
169	79	0.63	2.3	94.48
170	79	2.41	0.82	93.92
171	79	0.46	2.82	93.17
172	79	1.65	1.06	92.93
173	79	0.61	2.07	92.27
174	79	2.81	0.68	93.27
175	79	0.85	3.02	92.93
176	79	6.74	0.44	91.34
177	79	6.4	0.92	91.46
178	79	8.68	0.14	91.18
179	79	0	9.36	90.55
180	79	1.24	0.02	98.74
181	79	99.87	0	0
182	79	1.81	98.19	0
183	79	99.83	0	0
184	79	1.15	98.85	0
116	80	0	0	0
118	80	0	0	0
119	80	0	0	0
120	80	0	0	0
121	80	0	0	0
122	80	0	0	0
123	80	0	0	0
124	80	0	0	0
125	80	0	0	0
126	80	0	0	0
127	80	0	0	0
128	80	0	0	0
129	80	0	0	0
130	80	0	0	0
131	80	0.81	0	0
132	80	2.34	0	0
133	80	12.03	0	0
134	80	7.5	0	0
135	80	3.23	0	0
136	80	9.22	0	0
137	80	14.89	0	0
138	80	6.56	0	0
139	80	12.35	0	0
140	80	22.63	0	0
141	80	24.12	0.01	0
142	80	12.9	0	0
143	80	21.94	0	0
144	80	28.01	0	0
145	80	37.63	0.06	0
146	80	41.16	0	0
147	80	45.37	0.26	0
148	80	51.93	0.02	0
149	80	49.6	0.51	0
150	80	65.58	0.17	0
151	80	75.04	2.87	0
152	80	77.7	0.54	0
153	80	65.4	15.46	0.07
154	80	86.15	4.41	0.19
155	80	28.46	60.25	0.53
156	80	82.11	10.27	0.7
157	80	18.44	73.09	1.11
158	80	75.7	17.82	1.19
159	80	14.32	80.14	1.81
160	80	69.33	23.99	1.77
161	80	7.92	43	47.7
162	80	6.68	25.75	57.85
163	80	12.23	9.18	72.82
164	80	8.98	85.81	3.61
165	80	1.07	72.52	24.55
166	80	2.51	65.02	30.78
167	80	1.46	20.44	76.38
168	80	2.8	36.73	58.72
169	80	1.33	20.67	75.98
170	80	3.37	9.86	84.92
171	80	1.31	3.87	93.24
172	80	3.08	1.85	93.37
173	80	1.23	3.78	92.68
174	80	2.7	1.6	93.96
175	80	0.97	3	94.78
176	80	2.45	1.23	94.75
177	80	0.69	2.8	94.71
178	80	3.31	0.87	94.79
179	80	0.09	3.49	92.79
180	80	3.04	0.21	94.36
181	80	1.94	2.76	94.88
182	80	4.91	1.02	94.07
183	80	0	3.14	96.51
184	80	3.28	0	96.72
185	80	99.93	0	0
186	80	0	100	0
122	81	0	0	0
123	81	0	0	0
124	81	0	0	0
125	81	0	0	0
126	81	0	0	0
127	81	0	0	0
128	81	0	0	0
129	81	0.01	0	0
130	81	0.04	0	0
131	81	0.56	0	0
132	81	13.26	0	0
133	81	10.38	0	0
134	81	55.24	0	0
135	81	55.36	0	0
136	81	80.95	0	0
137	81	66.45	0	0
138	81	91.17	0	0
139	81	83.48	0.03	0
140	81	93.77	0	0
141	81	59.56	0.53	0
142	81	70.24	0	0
143	81	50.6	0.06	0
144	81	82.69	0	0
145	81	77.52	0.76	0
146	81	84.24	0.02	0
147	81	66.74	2.87	0
148	81	85.43	0.3	0
149	81	71.2	8.02	0
150	81	89.48	1.18	0
151	81	56.67	36.94	0
152	81	91.04	5.57	0.03
153	81	36.37	58.49	0.15
154	81	49.93	47.78	0.56
155	81	12.3	79.64	1.16
156	81	32.06	63.36	3.18
157	81	6.29	85.25	3.16
158	81	24.08	69.94	4.69
159	81	5.04	87.08	3.62
160	81	5.47	90.66	3.36
161	81	0.94	6.2	92.67
162	81	1.29	2.55	95.45
163	81	1.1	1.66	96.13
164	81	2	62.62	34.68
165	81	0.89	58.41	39.68
166	81	2.12	3.71	93.45
167	81	0.47	4.09	94.27
168	81	2.29	0.81	95.75
169	81	0.91	2.45	95.27
170	81	2.14	1.03	95.55
171	81	0.48	2.64	95.44
172	81	1.95	0.93	95.4
173	81	0.5	2.32	95.33
174	81	1.81	0.82	95.14
175	81	0.28	2.12	94.69
176	81	1.49	0.85	95.6
177	81	0.37	1.96	94.98
178	81	2.21	0.61	93.85
179	81	0.82	1.67	92.99
180	81	1.18	0.96	92.77
181	81	0.12	1.25	93.73
182	81	6.99	0.15	92.86
183	81	0	6.7	93.23
184	81	6.15	0	93.85
185	81	99.95	0	0
186	81	0	100	0
187	81	100	0	0
188	81	100	0	0
122	82	0	0	0
124	82	0	0	0
125	82	0	0	0
126	82	0	0	0
127	82	0	0	0
128	82	0	0	0
129	82	0	0	0
130	82	0	0	0
131	82	0	0	0
132	82	0	0	0
133	82	0	0	0
134	82	0	0	0
135	82	0	0	0
136	82	0	0	0
137	82	0	0	0
138	82	0	0	0
139	82	0.1	0	0
140	82	0.89	0	0
141	82	0.74	0	0
142	82	0.64	0	0
143	82	2.99	0	0
144	82	3.69	0	0
145	82	6.99	0	0
146	82	12.2	0	0
147	82	19.25	0	0
148	82	24.75	0	0
149	82	24.85	0	0
150	82	39.41	0	0
151	82	53.78	0.1	0
152	82	54.93	0.02	0
153	82	63.55	1.34	0
154	82	79.53	0.31	0
155	82	65.44	13.95	0
156	82	85.16	1.32	0.03
157	82	57.62	28.14	0.08
158	82	88.86	1.75	0.12
159	82	52.28	39.38	0.23
160	82	96.51	1.49	0.83
161	82	1.67	96.85	0.98
162	82	42.13	55.36	1
163	82	24.13	72.85	1.25
164	82	97.24	0.39	0.88
165	82	3.25	93.85	1.29
166	82	90.05	6.88	1.5
167	82	1.56	95.13	1.66
168	82	48.1	48.03	2.04
169	82	1.34	93.63	3.14
170	82	6.96	88.74	2.66
171	82	1.08	64.24	32.77
172	82	2.33	53.55	42.41
173	82	1.03	15.35	81.86
174	82	2.17	6.43	89.75
175	82	0.91	2.82	94.5
176	82	2.25	1.41	94.59
177	82	1.19	1.96	95.46
178	82	2.74	0.88	95.07
179	82	1.08	2.15	95.31
180	82	2.25	0.78	95.51
181	82	0.6	2.22	96.22
182	82	2.31	1.09	95.41
183	82	0.78	1.85	97.05
184	82	3.08	0.27	96.65
185	82	87.43	0	0
186	82	0	100	0
187	82	100	0	0
188	82	100	0	0
189	82	100	0	0
190	82	100	0	0
191	82	100	0	0
126	83	0	0	0
127	83	0	0	0
128	83	0	0	0
129	83	0	0	0
130	83	0	0	0
131	83	0	0	0
132	83	0	0	0
133	83	0	0	0
134	83	0	0	0
135	83	0	0	0
136	83	0.06	0	0
137	83	0.01	0	0
138	83	2.5	0	0
139	83	1.08	0	0
140	83	11.07	0	0
141	83	12.09	0	0
142	83	22.2	0	0
143	83	17.07	0	0
144	83	44.14	0	0
145	83	29.1	0	0
146	83	57.15	0	0
147	83	43.1	0.01	0
148	83	66.18	0	0
149	83	59.87	0.14	0
150	83	79.01	0.01	0
151	83	79.37	2.89	0
152	83	88.87	0.41	0
153	83	65.73	23.36	0
154	83	89.01	7.22	0
155	83	28.56	62.25	0.04
156	83	69.11	28.21	0.18
157	83	16.61	75.63	0.23
158	83	57.22	40.24	0.44
159	83	14.56	79	0.47
160	83	93.99	3.72	1.76
161	83	1.65	95.74	1.96
162	83	87.29	10.15	2.15
163	83	0.97	96.28	2.14
164	83	1.6	81.22	17.06
165	83	0.14	69.47	29.38
166	83	16.98	20.62	61.89
167	83	1.07	96.46	1.58
168	83	3.37	80.86	15.16
169	83	1.33	81.53	16
170	83	2.5	41.53	55.53
171	83	1.03	11.47	86.68
172	83	2.29	1.87	95.4
173	83	0.96	7.59	90.64
174	83	2.37	1.12	96.31
175	83	0.13	2.82	96.44
176	83	2.04	0.44	97.09
177	83	0.46	2.4	96.55
178	83	1.89	1.17	96.58
179	83	0.47	2.02	97.16
180	83	1.46	0.82	97.35
181	83	0.37	1.57	97.79
182	83	1	0.88	97.91
183	83	0.09	0.8	98.98
184	83	0.55	0.14	99.31
185	83	94.31	0	0
186	83	0	100	0
187	83	84.3	0	0
188	83	0	100	0
189	83	100	0	0
190	83	0	100	0
191	83	100	0	0
192	83	0	100	0
193	83	100	0	0
131	84	0	0	0
132	84	0	0	0
133	84	0	0	0
134	84	0	0	0
135	84	0	0	0
136	84	0	0	0
137	84	0	0	0
138	84	0	0	0
139	84	0	0	0
140	84	0	0	0
141	84	0	0	0
142	84	0	0	0
143	84	0	0	0
144	84	0.08	0	0
145	84	0.38	0	0
146	84	1.09	0	0
147	84	2.58	0	0
148	84	5.92	0	0
149	84	10.5	0	0
150	84	23.53	0	0
151	84	25.6	0	0
152	84	38.85	0.02	0
153	84	59.07	0	0
154	84	61.16	1.24	0
155	84	71.18	0.05	0
156	84	71.1	2.46	0
157	84	76.04	0.17	0
158	84	77.14	2.79	0
159	84	77.73	0.41	0
160	84	74.37	5.34	0
161	84	77.99	1.2	0.02
162	84	95.19	3.33	0.39
163	84	93.16	5.67	0.47
164	84	1.4	96.08	0.7
165	84	97.37	0.15	0.78
166	84	31.32	66.22	0.52
167	84	96.77	0.48	0.7
168	84	11.3	85.4	1.07
169	84	87.87	8.77	1.28
170	84	1.83	93.86	2.06
171	84	27.14	68.75	1.84
172	84	3.57	90.84	3.45
173	84	7.78	87.4	4.18
174	84	0.4	79.28	18.81
175	84	2.74	1.34	94.17
176	84	1.27	31.93	65.12
177	84	2.83	9.46	86.24
178	84	1.1	2.72	95.11
179	84	2.39	0.92	95.42
180	84	1.05	2.03	96.34
181	84	2.39	0.94	95.72
182	84	0.54	1.88	97.2
183	84	2.52	0.69	96.39
184	84	0.05	1.81	85.9
185	84	0	0	100
186	84	84.38	0	0
187	84	0	100	0
188	84	100	0	0
189	84	0	100	0
190	84	86.76	0	0
191	84	0	100	0
192	84	99.85	0	0
193	84	0	100	0
194	84	99.89	0	0
127	85	0	0	0
129	85	0	0	0
131	85	0	0	0
132	85	0	0	0
133	85	0	0	0
134	85	0	0	0
135	85	0	0	0
136	85	0	0	0
137	85	0	0	0
138	85	0	0	0
139	85	0	0	0
140	85	0	0	0
141	85	0	0	0
142	85	0.12	0	0
143	85	0.29	0	0
144	85	2.38	0	0
145	85	2.18	0	0
146	85	9.96	0	0
147	85	8.23	0	0
148	85	19.49	0	0
149	85	20.04	0	0
150	85	40.67	0	0
151	85	60.77	0.01	0
152	85	57.83	0	0
153	85	70.57	0.76	0
154	85	92.8	0.22	0
155	85	64.48	20.57	0
156	85	93.05	0.91	0
157	85	44.26	49.85	0
158	85	91.48	3.43	0
159	85	32.38	57.85	0
160	85	87.85	6.46	0.02
161	85	27.9	61.93	0.03
162	85	68.68	27.19	0.16
163	85	10.57	87.74	0.87
164	85	92.17	6.01	1.28
165	85	1.1	97.65	0.77
166	85	2.43	91.46	5.38
167	85	1.76	86.34	9.87
168	85	51.15	46.89	0.81
169	85	2.27	95.18	1.1
170	85	10.07	87.84	1.33
171	85	1.79	94.09	2.64
172	85	9.36	59.9	29.68
173	85	1.46	93.53	3.59
174	85	3.22	12.53	84.01
175	85	0.16	8.38	90.52
176	85	3.46	0.47	95.46
177	85	1.34	4.17	93.56
178	85	3	1.28	95.23
179	85	0.63	3.06	95.71
180	85	2.07	1.3	96.15
181	85	0.44	2.19	96.88
182	85	1.82	1.31	96.48
183	85	0.34	1.6	97.8
184	85	1.03	1.51	97.27
185	85	0.09	4.55	84.81
186	85	0	1.59	98.41
187	85	99.91	0	0
188	85	0	100	0
189	85	92.51	0	0
190	85	0	100	0
191	85	99.96	0	0
192	85	0	100	0
193	85	99.94	0	0
194	85	0.05	99.95	0
195	85	99.94	0	0
196	85	0	100	0
197	85	99.97	0	0
133	86	0	0	0
135	86	0	0	0
137	86	0	0	0
138	86	0	0	0
139	86	0	0	0
140	86	0	0	0
141	86	0	0	0
142	86	0	0	0
143	86	0	0	0
144	86	0	0	0
145	86	0	0	0
146	86	0	0	0
147	86	0	0	0
148	86	0	0	0
149	86	0.07	0	0
150	86	0.25	0	0
151	86	2.26	0	0
152	86	2.76	0	0
153	86	12.84	0	0
154	86	31.66	0	0
155	86	42.11	0.02	0
156	86	44.98	0	0
157	86	53.43	0.08	0
158	86	57.69	0	0
159	86	62.8	0.17	0
160	86	59.06	0.01	0
161	86	65.23	0.4	0
162	86	66.81	0.06	0
163	86	76.66	1.22	0
164	86	95.1	0.91	0.01
165	86	17.14	81.93	0.18
166	86	96.05	1.48	0.21
167	86	90.75	4.91	0.29
168	86	96.18	0.42	0.02
169	86	84.75	11.85	0.07
170	86	96.29	0.69	0.15
171	86	25.17	71.42	0.44
172	86	85.4	7.51	0.25
173	86	49.91	45.8	1.63
174	86	53	44.36	1.44
175	86	0.75	95.69	1.69
176	86	20.47	57.53	18.68
177	86	1.88	92.12	2.88
178	86	12.74	82.31	3.14
179	86	1.57	75.11	22.2
180	86	2.59	10.23	85.42
181	86	1.34	2.26	95.33
182	86	2.81	1.36	94.3
183	86	1.14	2.04	96.27
184	86	1.83	1.01	95.31
185	86	0.37	2.7	85.15
186	86	6.96	1.14	91.9
187	86	85.47	0	0
188	86	0	100	0
189	86	84.99	0	0
190	86	0	100	0
191	86	99.57	0	0
192	86	1.57	98.43	0
193	86	98.83	0	0
194	86	1.19	98.81	0
195	86	99.79	0	0
196	86	0	100	0
197	86	99.43	0	0
198	86	0	100	0
199	86	100	0	0
200	86	99.15	0	0
131	87	0	0	0
133	87	0	0	0
134	87	0	0	0
135	87	0	0	0
136	87	0	0	0
137	87	0	0	0
138	87	0	0	0
139	87	0	0	0
140	87	0	0	0
141	87	0	0	0
142	87	0	0	0
143	87	0	0	0
144	87	0	0	0
145	87	0	0	0
146	87	0.28	0	0
147	87	0.42	0	0
148	87	5.39	0	0
149	87	3.44	0	0
150	87	24.28	0	0
151	87	28.96	0	0
152	87	27.51	0	0
153	87	39.06	0	0
154	87	69.78	0	0
155	87	61.88	2.11	0
156	87	85.29	0.02	0
157	87	77.31	8.51	0
158	87	89.53	0.07	0
159	87	66.93	17.43	0
160	87	88.3	0.17	0
161	87	58.27	23.81	0
162	87	85.11	0.62	0
163	87	40.28	50.15	0
164	87	97.78	0.96	0.24
165	87	9.71	88.89	0.44
166	87	10.41	88.71	0.32
167	87	1.17	95.14	0.71
168	87	92.95	4.36	0.4
169	87	12.43	84.84	0.21
170	87	63.02	35.08	0.39
171	87	3.39	93.57	0.71
172	87	37.16	60.43	1.01
173	87	4.31	91.23	2.12
174	87	6.91	78.74	13.83
175	87	0.39	76.66	21.54
176	87	5.74	0.77	92.3
177	87	2.92	71.44	23.64
178	87	4.98	18.68	75.68
179	87	0.88	7.73	90.44
180	87	3.23	1.69	94.41
181	87	0.6	3.13	95.38
182	87	3.1	1.64	94.62
183	87	0.51	2.73	96.18
184	87	2.29	1.27	95.69
185	87	10.07	2.12	87.63
186	87	2.61	0.21	97.18
187	87	99.88	0	0
188	87	0	100	0
189	87	99.94	0	0
190	87	0	100	0
191	87	99.93	0	0
192	87	0.74	99.26	0
193	87	99.92	0	0
194	87	0.78	99.22	0
195	87	99.93	0	0
196	87	0.25	99.75	0
197	87	99.94	0	0
198	87	0	100	0
199	87	99.93	0	0
200	87	0	100	0
201	87	99.9	0	0
202	87	0	100	0
137	88	0	0	0
139	88	0	0	0
140	88	0	0	0
141	88	0	0	0
142	88	0	0	0
143	88	0	0	0
144	88	0	0	0
145	88	0	0	0
146	88	0	0	0
147	88	0	0	0
148	88	0	0	0
149	88	0	0	0
150	88	0	0	0
151	88	0	0	0
152	88	0	0	0
153	88	1.09	0	0
154	88	7.82	0	0
155	88	12.33	0	0
156	88	18.7	0	0
157	88	22.3	0	0
158	88	28.89	0	0
159	88	34.97	0	0
160	88	34.25	0	0
161	88	41.77	0	0
162	88	46.8	0	0
163	88	61.5	0.1	0
164	88	69.48	0.02	0
165	88	92.75	0.7	0
166	88	98.04	0.23	0
167	88	41.23	50.72	0
168	88	85.75	0.06	0
169	88	89.61	0.41	0
170	88	94.4	0.18	0
171	88	90.13	4.97	0
172	88	80.62	0.44	0
173	88	89.53	1.99	0.12
174	88	97.32	0.71	0.33
175	88	2.41	94.32	0.54
176	88	84.5	8.2	0.95
177	88	14.43	79.74	1.23
178	88	74.27	20.18	1.63
179	88	1.96	93.89	2.25
180	88	3.41	87.17	7.14
181	88	1.53	62.11	34.63
182	88	3.41	32.13	62.14
183	88	1.63	16.5	80.83
184	88	2.42	1.17	94.14
185	88	1.55	2.73	84.8
186	88	7.68	1.74	90.57
187	88	86.14	0	0
188	88	10.84	89.16	0
189	88	99.7	0	0
190	88	1.71	98.12	0
191	88	0.1	1.62	97.72
192	88	2.77	0.24	97
193	88	0.02	2.23	96.09
194	88	3.14	0	96.86
195	88	0.01	2.77	96.96
196	88	2.77	0.52	96.71
197	88	98.49	0	0
198	88	0.14	99.86	0
199	88	99.47	0	0
200	88	2.82	97.03	0
201	88	0.03	0.1	99.76
202	88	0	0	100
203	88	98.99	0	0
204	88	0.44	96.14	0
135	89	0	0	0
137	89	0	0	0
138	89	0	0	0
139	89	0	0	0
140	89	0	0	0
141	89	0	0	0
142	89	0	0	0
143	89	0	0	0
144	89	0	0	0
145	89	0	0	0
146	89	0	0	0
147	89	0	0	0
148	89	0	0	0
149	89	0	0	0
150	89	0.15	0	0
151	89	0.71	0	0
152	89	4.28	0	0
153	89	12.45	0	0
154	89	37.35	0	0
155	89	31.63	0	0
156	89	69.91	0	0
157	89	56.14	0.04	0
158	89	64.86	0	0
159	89	68.83	0.28	0
160	89	73.93	0	0
161	89	65.85	0.81	0
162	89	71.62	0.01	0
163	89	70.04	12.84	0
164	89	89.6	0.6	0
165	89	60.47	34.96	0.01
166	89	96.29	1.86	0.08
167	89	20.23	74.97	0.09
168	89	72.82	20.18	0.06
169	89	55.55	37.1	0.05
170	89	94.23	0.93	0.01
171	89	16.5	80.24	0.05
172	89	71.63	24.19	0.01
173	89	18.88	77.15	0.51
174	89	18	80.49	0.6
175	89	1.89	95.11	0.83
176	89	25.18	36.47	36.4
177	89	10.76	85.08	1.4
178	89	7.9	82.08	8.56
179	89	2.26	82.2	14.11
180	89	5.04	2.53	91.47
181	89	1.39	3.94	93.33
182	89	5.05	2	91.98
183	89	0.94	3.92	94.07
184	89	3.65	1.79	93.43
185	89	9.57	3.82	85.89
186	89	4.17	5.95	89.88
187	89	95.92	0	0
188	89	5.26	94.74	0
189	89	99.9	0	0
190	89	1.11	98.34	0
191	89	0.65	2.07	97.09
192	89	1.47	1.85	96.67
193	89	0.04	2.7	97.15
194	89	1.21	0.06	98.67
195	89	0.03	1.42	98.47
196	89	1.04	0.02	98.95
197	89	99.93	0	0
198	89	0.46	99.54	0
199	89	99.42	0	0
200	89	0.81	99.19	0
201	89	100	0	0
202	89	100	0	0
203	89	99.92	0	0
204	89	0.28	98.87	0
205	89	0.6	0.28	99.07
206	89	0	0.82	99.18
141	90	0	0	0
142	90	0	0	0
143	90	0	0	0
144	90	0	0	0
145	90	0	0	0
146	90	0	0	0
147	90	0	0	0
148	90	0	0	0
149	90	0	0	0
150	90	0	0	0
151	90	0	0	0
152	90	0	0	0
153	90	0	0	0
154	90	0	0	0
155	90	0.37	0	0
156	90	1.77	0	0
157	90	1.32	0	0
158	90	3.23	0	0
159	90	6.89	0	0
160	90	6.02	0	0
161	90	10.85	0	0
162	90	15.44	0	0
163	90	35.32	0	0
164	90	49.32	0	0
165	90	64.23	0.05	0
166	90	83.72	0.06	0
167	90	75.4	0.38	0
168	90	94.29	0.01	0
169	90	70.94	0.13	0
170	90	82.5	0	0
171	90	86.62	0.34	0
172	90	74.84	0.01	0
173	90	78.64	0.97	0
174	90	96.43	0.3	0
175	90	12.53	82.25	0
176	90	88.51	0.44	0.14
177	90	69.91	22.34	0.04
178	90	92.41	1.13	0.13
179	90	4.01	92.37	0.72
180	90	27.2	68.45	1.07
181	90	2.05	93.73	1.61
182	90	5.15	89.34	1.94
183	90	2.15	93.01	3
184	90	2.99	73.7	20.35
185	90	2.56	3.08	83.81
186	90	8.98	2.54	88.48
187	90	85.9	0	0
188	90	12.9	87.1	0
189	90	97.57	0	0
190	90	14.63	84.05	0
191	90	0.78	16.63	81.86
192	90	4.39	5.85	88.79
193	90	0.47	5.96	91.45
194	90	4.29	2.83	91.39
195	90	1.53	5.32	92.78
196	90	2.68	3.48	92.84
197	90	0.13	2.96	95.15
198	90	3.2	0.36	96.44
199	90	0.01	3	96
200	90	1.68	0	98.32
201	90	100	0	0
202	90	100	0	0
203	90	99.35	0	0
204	90	1.15	98.85	0
205	90	97.64	0	0
206	90	4.05	95.95	0
207	90	97.13	0	0
208	90	0	100	0
209	90	100	0	0
139	91	0	0	0
141	91	0	0	0
142	91	0	0	0
143	91	0	0	0
144	91	0	0	0
145	91	0	0	0
146	91	0	0	0
147	91	0	0	0
148	91	0	0	0
149	91	0	0	0
150	91	0	0	0
151	91	0	0	0
152	91	0	0	0
153	91	0.01	0	0
154	91	7.98	0	0
155	91	12.1	0	0
156	91	32.26	0	0
157	91	19.64	0	0
158	91	39.31	0	0
159	91	27.93	0	0
160	91	35.94	0	0
161	91	34.18	0	0
162	91	50.66	0	0
163	91	62.52	0.06	0
164	91	75.25	0	0
165	91	71.35	9.82	0
166	91	89.6	0.19	0
167	91	70.79	20.85	0
168	91	90.55	0.15	0
169	91	64.3	27.72	0
170	91	90.7	1.4	0
171	91	50.92	40.82	0
172	91	90.3	0.93	0
173	91	62.09	27.78	0.01
174	91	79.96	16.98	0.05
175	91	20.93	75	0.11
176	91	37.52	56.72	1.01
177	91	6.74	87.14	0.41
178	91	20.9	75.48	0.67
179	91	3.82	92.55	1.14
180	91	7.88	50.87	39.53
181	91	2.85	44.12	50.84
182	91	7.74	2.82	87.64
183	91	2.48	4.97	90.8
184	91	5.5	2.67	89.96
185	91	8.63	5.77	83.43
186	91	7.57	7.44	84.99
187	91	99.21	0	0
188	91	2.82	97.18	0
189	91	97.15	0	0
190	91	7.89	91.44	0
191	91	0.93	13.57	84.87
192	91	3.33	2.15	93.73
193	91	0.7	4.24	93.49
194	91	1.38	2.37	94.99
195	91	0.29	3.12	95.32
196	91	0.89	1.54	96.16
197	91	1.31	2.04	96.56
198	91	2.15	0.12	97.73
199	91	0	2.45	97.44
200	91	0.35	0	99.65
201	91	99.99	0	0
202	91	0	100	0
203	91	99.94	0	0
204	91	1.08	98.92	0
205	91	99.93	0	0
206	91	0	100	0
207	91	97.52	0	0
208	91	2.04	97.96	0
209	91	99.98	0	0
210	91	0.11	99.84	0
211	91	0	0	99.95
142	92	0	0	0
143	92	0	0	0
145	92	0	0	0
146	92	0	0	0
147	92	0	0	0
148	92	0	0	0
149	92	0	0	0
150	92	0	0	0
151	92	0	0	0
152	92	0	0	0
153	92	0	0	0
154	92	0	0	0
155	92	0	0	0
156	92	0	0	0
157	92	0	0	0
158	92	0	0	0
159	92	0	0	0
160	92	0	0	0
161	92	0.18	0	0
162	92	0.64	0	0
163	92	5.88	0	0
164	92	16.85	0	0
165	92	30.05	0	0
166	92	38.52	0	0
167	92	59.89	0	0
168	92	35.71	0	0
169	92	57.62	0	0
170	92	58.02	0	0
171	92	76.84	0.04	0
172	92	55.99	0	0
173	92	58.61	0.15	0
174	92	94.05	0.02	0
175	92	65.37	22.09	0
176	92	84.7	0.06	0
177	92	84.96	0.97	0
178	92	88.02	0.36	0
179	92	58.13	37.49	0.01
180	92	85.22	9.33	0.21
181	92	3.1	92.23	0.52
182	92	55.98	37.76	0.68
183	92	2.95	93	0.87
184	92	13.26	81.14	1.39
185	92	3.34	19.68	65.4
186	92	6.62	3.53	85.06
187	92	0.37	9.76	73.83
188	92	23.44	3.06	67.85
189	92	14.83	23.41	60.41
190	92	20.98	20.26	56.34
191	92	5.93	23.53	68.93
192	92	15.95	11.22	71.57
193	92	2.46	17.82	77.65
194	92	9.65	7.55	81.33
195	92	2.2	11.05	84.98
196	92	6.02	4.05	88.09
197	92	1.14	10.52	86.78
198	92	3.66	2.91	93.42
199	92	98.86	0	0
200	92	2.8	97.2	0
201	92	99.56	0	0
202	92	4.45	93.85	0
203	92	1.55	3.82	89.4
204	92	3.69	1.16	92.35
205	92	0.01	6.63	92.29
206	92	2.33	0.23	97.44
207	92	98.84	0	0
208	92	1.83	97.26	0
209	92	0.06	4.15	95.53
210	92	5.01	0.69	94.31
211	92	96.84	0	0
212	92	0	100	0
213	92	100	0	0
