N	Z	bn	b2n
1	0	0	0
0	1	0	0
1	1	0	0
2	1	0	0
1	2	0	0
0	3	0	0
3	1	2	0
2	2	1	0
1	3	0	0
4	1	2	2
3	2	2	1
2	3	0	0
1	4	0	0
5	1	2	2
4	2	2	2
3	3	1	0
2	4	1	0
1	5	0	0
6	1	1	1
5	2	2	2
4	3	2	1
3	4	1	0
2	5	1	0
6	2	2	2
5	3	2	2
4	4	2	1
3	5	0	0
2	6	0	0
7	2	2	2
6	3	2	2
5	4	2	2
4	5	2	0
3	6	0	0
8	2	2	2
7	3	2	2
6	4	2	2
5	5	2	2
4	6	0	0
3	7	0	0
8	3	2	2
7	4	2	2
6	5	2	2
5	6	2	0
4	7	0	0
9	3	2	2
8	4	2	2
7	5	2	2
6	6	2	2
5	7	0	0
4	8	0	0
10	3	2	2
9	4	2	2
8	5	2	2
7	6	2	2
6	7	2	0
5	8	0	0
10	4	2	2
9	5	2	2
8	6	2	2
7	7	2	2
6	8	0	0
5	9	0	0
11	4	1	1
10	5	2	2
9	6	2	2
8	7	2	2
7	8	2	0
6	9	0	0
12	4	1	2
11	5	2	2
10	6	2	2
9	7	2	2
8	8	2	2
7	9	0	0
6	10	0	0
12	5	2	2
11	6	2	2
10	7	2	2
9	8	2	2
8	9	2	0
7	10	0	0
13	5	2	2
12	6	2	2
11	7	2	2
10	8	2	2
9	9	2	2
8	10	0	0
7	11	0	0
14	5	1	1
13	6	2	2
12	7	2	2
11	8	2	2
10	9	2	2
9	10	2	0
8	11	0	0
7	12	0	0
15	5	1	1
14	6	2	2
13	7	2	2
12	8	2	2
11	9	2	2
10	10	2	2
9	11	2	0
8	12	0	0
16	5	1	1
15	6	1	1
14	7	2	2
13	8	2	2
12	9	2	2
11	10	2	2
10	11	2	2
9	12	0	0
8	13	0	0
16	6	1	2
15	7	2	2
14	8	2	2
13	9	2	2
12	10	2	2
11	11	2	2
10	12	1	0
9	13	0	0
8	14	0	0
17	6	1	1
16	7	1	1
15	8	2	2
14	9	2	2
13	10	2	2
12	11	2	2
11	12	1	1
10	13	1	0
9	14	0	0
17	7	1	1
16	8	2	2
15	9	2	2
14	10	2	2
13	11	2	2
12	12	2	2
11	13	1	1
10	14	0	0
9	15	0	0
18	7	1	1
17	8	2	2
16	9	2	2
15	10	2	2
14	11	2	2
13	12	2	2
12	13	2	1
11	14	1	0
10	15	0	0
18	8	2	2
17	9	2	2
16	10	2	2
15	11	2	2
14	12	2	2
13	13	2	2
12	14	1	1
11	15	0	0
10	16	0	0
19	8	1	1
18	9	2	2
17	10	2	2
16	11	2	2
15	12	2	2
14	13	2	2
13	14	1	1
12	15	1	0
11	16	0	0
20	8	1	1
19	9	2	2
18	10	2	2
17	11	2	2
16	12	2	2
15	13	2	2
14	14	2	1
13	15	1	1
12	16	0	0
11	17	0	0
20	9	1	1
19	10	2	2
18	11	2	2
17	12	2	2
16	13	2	2
15	14	2	2
14	15	2	1
13	16	1	0
12	17	0	0
21	9	1	1
20	10	2	2
19	11	2	2
18	12	2	2
17	13	2	2
16	14	2	2
15	15	2	2
14	16	1	1
13	17	0	0
12	18	0	0
22	9	1	1
21	10	2	2
20	11	2	2
19	12	2	2
18	13	2	2
17	14	2	2
16	15	2	2
15	16	1	1
14	17	1	0
13	18	0	0
22	10	1	1
21	11	2	2
20	12	2	2
19	13	2	2
18	14	2	2
17	15	2	2
16	16	2	1
15	17	1	1
14	18	0	0
13	19	0	0
23	10	1	1
22	11	1	1
21	12	2	2
20	13	2	2
19	14	2	2
18	15	2	2
17	16	2	2
16	17	2	1
15	18	1	0
14	19	0	0
24	10	1	1
23	11	1	1
22	12	2	2
21	13	2	2
20	14	2	2
19	15	2	2
18	16	2	2
17	17	2	2
16	18	1	1
15	19	0	0
14	20	0	0
24	11	1	1
23	12	2	2
22	13	2	2
21	14	2	2
20	15	2	2
19	16	2	2
18	17	2	2
17	18	1	1
16	19	1	0
15	20	0	0
25	11	1	1
24	12	2	2
23	13	2	2
22	14	2	2
21	15	2	2
20	16	2	2
19	17	2	2
18	18	2	2
17	19	1	1
16	20	0	0
15	21	0	0
26	11	1	1
25	12	1	1
24	13	2	2
23	14	2	2
22	15	2	2
21	16	2	2
20	17	2	2
19	18	2	2
18	19	2	1
17	20	1	0
16	21	0	0
26	12	1	1
25	13	2	2
24	14	2	2
23	15	2	2
22	16	2	2
21	17	2	2
20	18	2	2
19	19	2	2
18	20	1	1
17	21	0	0
16	22	0	0
27	12	1	1
26	13	1	1
25	14	2	2
24	15	2	2
23	16	2	2
22	17	2	2
21	18	2	2
20	19	2	2
19	20	1	2
18	21	1	0
17	22	0	0
28	12	1	1
27	13	1	1
26	14	2	2
25	15	2	2
24	16	2	2
23	17	2	2
22	18	2	2
21	19	2	2
20	20	2	1
19	21	1	1
18	22	0	0
17	23	0	0
28	13	1	1
27	14	2	2
26	15	2	2
25	16	2	2
24	17	2	2
23	18	2	2
22	19	2	2
21	20	2	2
20	21	2	2
19	22	1	0
18	23	0	0
29	13	1	1
28	14	1	1
27	15	2	2
26	16	2	2
25	17	2	2
24	18	2	2
23	19	2	2
22	20	2	2
21	21	2	2
20	22	1	1
19	23	0	0
18	24	0	0
30	13	1	1
29	14	1	1
28	15	2	2
27	16	2	2
26	17	2	2
25	18	2	2
24	19	2	2
23	20	2	2
22	21	2	2
21	22	1	1
20	23	1	0
19	24	0	0
30	14	1	1
29	15	1	1
28	16	2	2
27	17	2	2
26	18	2	2
25	19	2	2
24	20	2	2
23	21	2	2
22	22	2	1
21	23	1	1
20	24	0	0
19	25	0	0
31	14	1	1
30	15	1	1
29	16	2	2
28	17	2	2
27	18	2	2
26	19	2	2
25	20	2	2
24	21	2	2
23	22	2	2
22	23	1	1
21	24	1	0
20	25	0	0
19	26	0	0
31	15	1	1
30	16	1	1
29	17	2	2
28	18	2	2
27	19	2	2
26	20	2	2
25	21	2	2
24	22	2	2
23	23	2	1
22	24	1	0
21	25	1	0
20	26	0	0
32	15	1	1
31	16	1	1
30	17	1	1
29	18	2	2
28	19	2	2
27	20	2	2
26	21	2	2
25	22	2	2
24	23	2	2
23	24	1	1
22	25	1	1
21	26	0	0
20	27	0	0
32	16	1	1
31	17	1	1
30	18	1	1
29	19	2	2
28	20	2	2
27	21	2	2
26	22	2	2
25	23	2	2
24	24	2	1
23	25	1	1
22	26	1	0
21	27	0	0
20	28	0	0
33	16	1	1
32	17	1	1
31	18	1	1
30	19	2	2
29	20	2	2
28	21	2	2
27	22	2	2
26	23	2	2
25	24	2	2
24	25	1	1
23	26	1	1
22	27	1	0
21	28	0	0
33	17	1	1
32	18	1	1
31	19	2	2
30	20	2	2
29	21	2	2
28	22	2	2
27	23	2	2
26	24	2	2
25	25	2	1
24	26	1	1
23	27	1	1
22	28	0	0
34	17	1	1
33	18	1	1
32	19	2	2
31	20	2	2
30	21	2	2
29	22	2	2
28	23	2	2
27	24	2	2
26	25	2	2
25	26	1	1
24	27	1	1
23	28	0	0
34	18	1	1
33	19	1	1
32	20	2	2
31	21	2	2
30	22	2	2
29	23	2	2
28	24	2	2
27	25	2	1
26	26	1	1
25	27	1	1
24	28	0	0
23	29	0	0
35	18	1	1
34	19	1	1
33	20	1	1
32	21	2	2
31	22	2	2
30	23	2	2
29	24	2	2
28	25	2	2
27	26	1	2
26	27	1	2
25	28	1	0
24	29	0	0
35	19	1	1
34	20	1	1
33	21	2	2
32	22	2	2
31	23	2	2
30	24	2	2
29	25	2	2
28	26	2	2
27	27	2	1
26	28	1	1
25	29	0	0
24	30	0	0
36	19	1	1
35	20	1	1
34	21	2	2
33	22	2	2
32	23	2	2
31	24	2	2
30	25	2	2
29	26	2	2
28	27	2	2
27	28	1	1
26	29	1	0
25	30	0	0
37	19	1	1
36	20	1	1
35	21	1	1
34	22	2	2
33	23	2	2
32	24	2	2
31	25	2	2
30	26	2	2
29	27	2	2
28	28	1	1
27	29	1	1
26	30	0	0
25	31	0	0
37	20	1	1
36	21	1	1
35	22	2	2
34	23	2	2
33	24	2	2
32	25	2	2
31	26	2	2
30	27	2	2
29	28	1	1
28	29	1	1
27	30	1	0
26	31	0	0
38	20	1	1
37	21	1	1
36	22	1	1
35	23	2	2
34	24	2	2
33	25	2	2
32	26	2	2
31	27	2	2
30	28	2	2
29	29	1	1
28	30	1	1
27	31	0	0
26	32	0	0
38	21	1	1
37	22	1	1
36	23	2	2
35	24	2	2
34	25	2	2
33	26	2	2
32	27	2	2
31	28	2	2
30	29	2	1
29	30	1	1
28	31	1	0
27	32	0	0
39	21	1	1
38	22	1	1
37	23	2	2
36	24	2	2
35	25	2	2
34	26	2	2
33	27	2	2
32	28	2	2
31	29	2	2
30	30	1	1
29	31	1	1
28	32	0	0
27	33	0	0
40	21	1	1
39	22	1	1
38	23	2	2
37	24	2	2
36	25	2	2
35	26	2	2
34	27	2	2
33	28	2	2
32	29	2	2
31	30	1	1
30	31	1	1
29	32	1	0
28	33	0	0
40	22	1	1
39	23	1	1
38	24	1	1
37	25	1	1
36	26	2	2
35	27	2	2
34	28	2	2
33	29	2	2
32	30	2	1
31	31	1	1
30	32	1	1
29	33	0	0
41	22	1	1
40	23	1	1
39	24	1	2
38	25	1	2
37	26	2	2
36	27	2	2
35	28	2	2
34	29	2	2
33	30	2	2
32	31	1	1
31	32	1	1
30	33	0	0
41	23	1	1
40	24	1	1
39	25	2	1
38	26	2	2
37	27	2	2
36	28	2	2
35	29	2	2
34	30	2	2
33	31	2	1
32	32	1	1
31	33	0	0
30	34	0	0
42	23	1	1
41	24	1	1
40	25	2	2
39	26	2	2
38	27	2	2
37	28	2	2
36	29	2	2
35	30	2	2
34	31	2	2
33	32	1	1
32	33	1	0
31	34	0	0
43	23	1	1
42	24	1	1
41	25	2	2
40	26	2	2
39	27	2	2
38	28	2	2
37	29	2	2
36	30	2	2
35	31	2	2
34	32	2	1
33	33	1	1
32	34	0	0
43	24	1	1
42	25	1	1
41	26	2	2
40	27	2	2
39	28	2	2
38	29	2	2
37	30	2	2
36	31	2	2
35	32	2	2
34	33	1	1
33	34	0	0
32	35	0	0
44	24	1	1
43	25	1	1
42	26	2	2
41	27	2	2
40	28	2	2
39	29	2	2
38	30	2	2
37	31	2	2
36	32	2	2
35	33	2	1
34	34	1	0
33	35	0	0
44	25	1	1
43	26	1	1
42	27	2	2
41	28	2	2
40	29	2	2
39	30	2	2
38	31	2	2
37	32	2	2
36	33	2	2
35	34	1	1
34	35	0	0
33	36	0	0
45	25	1	1
44	26	1	1
43	27	2	2
42	28	2	2
41	29	2	2
40	30	2	2
39	31	2	2
38	32	2	2
37	33	2	2
36	34	2	1
35	35	1	0
34	36	0	0
46	25	1	1
45	26	1	1
44	27	2	2
43	28	2	2
42	29	2	2
41	30	2	2
40	31	2	2
39	32	2	2
38	33	2	2
37	34	2	2
36	35	1	1
35	36	0	0
34	37	0	0
46	26	1	1
45	27	1	1
44	28	2	2
43	29	2	2
42	30	2	2
41	31	2	2
40	32	2	2
39	33	2	2
38	34	2	2
37	35	2	2
36	36	1	0
35	37	0	0
47	26	1	1
46	27	1	1
45	28	2	2
44	29	2	2
43	30	2	2
42	31	2	2
41	32	2	2
40	33	2	2
39	34	2	2
38	35	2	2
37	36	1	1
36	37	0	0
35	38	0	0
48	26	1	1
47	27	1	1
46	28	1	1
45	29	2	2
44	30	2	2
43	31	2	2
42	32	2	2
41	33	2	2
40	34	2	2
39	35	2	2
38	36	1	1
37	37	1	0
36	38	0	0
48	27	1	1
47	28	1	1
46	29	2	2
45	30	2	2
44	31	2	2
43	32	2	2
42	33	2	2
41	34	2	2
40	35	2	2
39	36	2	1
38	37	1	0
37	38	0	0
49	27	1	1
48	28	1	1
47	29	2	2
46	30	2	2
45	31	2	2
44	32	2	2
43	33	2	2
42	34	2	2
41	35	2	2
40	36	2	2
39	37	2	1
38	38	0	0
37	39	0	0
49	28	1	1
48	29	1	1
47	30	2	2
46	31	2	2
45	32	2	2
44	33	2	2
43	34	2	2
42	35	2	2
41	36	2	2
40	37	2	2
39	38	1	0
38	39	0	0
50	28	1	1
49	29	1	2
48	30	2	2
47	31	2	2
46	32	2	2
45	33	2	2
44	34	2	2
43	35	2	2
42	36	2	2
41	37	2	2
40	38	1	1
39	39	0	0
38	40	0	0
51	28	1	1
50	29	1	1
49	30	2	2
48	31	2	2
47	32	2	2
46	33	2	2
45	34	2	2
44	35	2	2
43	36	2	2
42	37	2	2
41	38	1	1
40	39	1	0
39	40	0	0
51	29	1	1
50	30	2	2
49	31	2	2
48	32	2	2
47	33	2	2
46	34	2	2
45	35	2	2
44	36	2	2
43	37	2	2
42	38	2	1
41	39	1	1
40	40	0	0
52	29	1	1
51	30	2	2
50	31	2	2
49	32	2	2
48	33	2	2
47	34	2	2
46	35	2	2
45	36	2	2
44	37	2	2
43	38	2	2
42	39	2	1
41	40	0	0
40	41	0	0
53	29	1	1
52	30	1	1
51	31	2	2
50	32	2	2
49	33	2	2
48	34	2	2
47	35	2	2
46	36	2	2
45	37	2	2
44	38	2	2
43	39	2	1
42	40	1	0
41	41	0	0
53	30	1	1
52	31	2	2
51	32	2	2
50	33	2	2
49	34	2	2
48	35	2	2
47	36	2	2
46	37	2	2
45	38	2	2
44	39	1	2
43	40	1	1
42	41	0	0
41	42	0	0
54	30	1	1
53	31	1	1
52	32	2	2
51	33	2	2
50	34	2	2
49	35	2	2
48	36	2	2
47	37	2	2
46	38	2	2
45	39	2	1
44	40	1	1
43	41	1	0
42	42	0	0
55	30	1	1
54	31	1	1
53	32	2	2
52	33	2	2
51	34	2	2
50	35	2	2
49	36	2	2
48	37	2	2
47	38	2	2
46	39	2	2
45	40	1	2
44	41	1	1
43	42	0	0
42	43	0	0
55	31	1	1
54	32	1	1
53	33	2	2
52	34	2	2
51	35	2	2
50	36	2	2
49	37	2	2
48	38	2	2
47	39	2	2
46	40	2	2
45	41	2	1
44	42	1	0
43	43	0	0
56	31	1	1
55	32	1	1
54	33	2	2
53	34	2	2
52	35	2	2
51	36	2	2
50	37	2	2
49	38	2	2
48	39	2	2
47	40	2	2
46	41	2	2
45	42	1	1
44	43	0	0
43	44	0	0
56	32	1	1
55	33	1	1
54	34	2	2
53	35	2	2
52	36	2	2
51	37	2	2
50	38	2	2
49	39	2	2
48	40	2	2
47	41	2	2
46	42	2	1
45	43	1	0
44	44	0	0
57	32	1	1
56	33	1	1
55	34	2	2
54	35	2	2
53	36	2	2
52	37	2	2
51	38	2	2
50	39	2	2
49	40	2	2
48	41	2	2
47	42	2	2
46	43	1	1
45	44	0	0
44	45	0	0
58	32	1	1
57	33	1	1
56	34	2	2
55	35	2	2
54	36	2	2
53	37	2	2
52	38	2	2
51	39	2	2
50	40	2	2
49	41	2	2
48	42	2	2
47	43	1	1
46	44	1	0
45	45	0	0
58	33	1	1
57	34	1	1
56	35	2	2
55	36	2	2
54	37	2	2
53	38	2	2
52	39	2	2
51	40	2	2
50	41	2	2
49	42	2	2
48	43	2	1
47	44	1	1
46	45	0	0
45	46	0	0
59	33	1	1
58	34	1	1
57	35	2	2
56	36	2	2
55	37	2	2
54	38	2	2
53	39	2	2
52	40	2	2
51	41	2	2
50	42	2	2
49	43	2	2
48	44	1	1
47	45	1	0
46	46	0	0
59	34	1	1
58	35	2	2
57	36	2	2
56	37	2	2
55	38	2	2
54	39	2	2
53	40	2	2
52	41	2	2
51	42	2	2
50	43	2	2
49	44	2	2
48	45	1	1
47	46	0	0
46	47	0	0
60	34	1	1
59	35	1	1
58	36	2	2
57	37	2	2
56	38	2	2
55	39	2	2
54	40	2	2
53	41	2	2
52	42	2	2
51	43	2	2
50	44	2	2
49	45	1	1
48	46	1	0
47	47	0	0
61	34	1	1
60	35	1	1
59	36	2	2
58	37	2	2
57	38	2	2
56	39	2	2
55	40	2	2
54	41	2	2
53	42	2	2
52	43	2	2
51	44	2	2
50	45	2	1
49	46	1	1
48	47	0	0
47	48	0	0
61	35	1	1
60	36	2	2
59	37	2	2
58	38	2	2
57	39	2	2
56	40	2	2
55	41	2	2
54	42	2	2
53	43	2	2
52	44	2	2
51	45	2	2
50	46	1	1
49	47	1	0
48	48	0	0
62	35	1	1
61	36	2	2
60	37	2	2
59	38	2	2
58	39	2	2
57	40	2	2
56	41	2	2
55	42	2	2
54	43	2	2
53	44	2	2
52	45	2	2
51	46	2	1
50	47	1	1
49	48	0	0
48	49	0	0
63	35	1	1
62	36	1	1
61	37	2	2
60	38	2	2
59	39	2	2
58	40	2	2
57	41	2	2
56	42	2	2
55	43	2	2
54	44	2	2
53	45	2	2
52	46	2	2
51	47	1	1
50	48	1	0
49	49	0	0
63	36	1	1
62	37	2	2
61	38	2	2
60	39	2	2
59	40	2	2
58	41	2	2
57	42	2	2
56	43	2	2
55	44	2	2
54	45	2	2
53	46	2	2
52	47	2	1
51	48	1	1
50	49	0	0
49	50	0	0
64	36	1	1
63	37	1	1
62	38	2	2
61	39	2	2
60	40	2	2
59	41	2	2
58	42	2	2
57	43	2	2
56	44	2	2
55	45	2	2
54	46	2	2
53	47	2	2
52	48	1	2
51	49	1	0
50	50	0	0
65	36	1	1
64	37	1	1
63	38	2	2
62	39	2	2
61	40	2	2
60	41	2	2
59	42	2	2
58	43	2	2
57	44	2	2
56	45	2	2
55	46	2	2
54	47	2	2
53	48	2	1
52	49	1	1
51	50	0	0
65	37	1	1
64	38	2	2
63	39	2	2
62	40	2	2
61	41	2	2
60	42	2	2
59	43	2	2
58	44	2	2
57	45	2	2
56	46	2	2
55	47	2	2
54	48	1	2
53	49	1	2
52	50	0	0
66	37	1	1
65	38	1	1
64	39	2	2
63	40	2	2
62	41	2	2
61	42	2	2
60	43	2	2
59	44	2	2
58	45	2	2
57	46	2	2
56	47	2	2
55	48	2	1
54	49	2	1
53	50	0	0
52	51	0	0
66	38	1	1
65	39	1	1
64	40	2	2
63	41	2	2
62	42	2	2
61	43	2	2
60	44	2	2
59	45	2	2
58	46	2	2
57	47	2	2
56	48	2	2
55	49	2	2
54	50	1	0
53	51	0	0
67	38	1	1
66	39	1	1
65	40	2	2
64	41	2	2
63	42	2	2
62	43	2	2
61	44	2	2
60	45	2	2
59	46	2	2
58	47	2	2
57	48	2	2
56	49	2	2
55	50	2	2
54	51	0	0
53	52	0	0
68	38	1	1
67	39	1	1
66	40	1	1
65	41	2	2
64	42	2	2
63	43	2	2
62	44	2	2
61	45	2	2
60	46	2	2
59	47	2	2
58	48	2	2
57	49	2	2
56	50	2	2
55	51	2	0
54	52	0	0
69	38	1	1
68	39	1	1
67	40	1	1
66	41	2	2
65	42	2	2
64	43	2	2
63	44	2	2
62	45	2	2
61	46	2	2
60	47	2	2
59	48	2	2
58	49	2	2
57	50	2	2
56	51	2	2
55	52	0	0
54	53	0	0
69	39	1	1
68	40	1	1
67	41	2	2
66	42	2	2
65	43	2	2
64	44	2	2
63	45	2	2
62	46	2	2
61	47	2	2
60	48	2	2
59	49	2	2
58	50	2	2
57	51	2	2
56	52	1	0
55	53	0	0
70	39	1	1
69	40	1	1
68	41	2	2
67	42	2	2
66	43	2	2
65	44	2	2
64	45	2	2
63	46	2	2
62	47	2	2
61	48	2	2
60	49	2	2
59	50	2	2
58	51	2	2
57	52	2	2
56	53	0	0
55	54	0	0
70	40	1	1
69	41	1	1
68	42	2	2
67	43	2	2
66	44	2	2
65	45	2	2
64	46	2	2
63	47	2	2
62	48	2	2
61	49	2	2
60	50	2	2
59	51	2	2
58	52	2	2
57	53	2	0
56	54	0	0
71	40	1	1
70	41	1	1
69	42	2	2
68	43	2	2
67	44	2	2
66	45	2	2
65	46	2	2
64	47	2	2
63	48	2	2
62	49	2	2
61	50	2	2
60	51	2	2
59	52	2	2
58	53	2	2
57	54	0	0
72	40	1	1
71	41	1	1
70	42	1	1
69	43	2	2
68	44	2	2
67	45	2	2
66	46	2	2
65	47	2	2
64	48	2	2
63	49	2	2
62	50	2	2
61	51	2	2
60	52	2	2
59	53	2	2
58	54	0	0
57	55	0	0
72	41	1	1
71	42	1	1
70	43	2	2
69	44	2	2
68	45	2	2
67	46	2	2
66	47	2	2
65	48	2	2
64	49	2	2
63	50	2	2
62	51	2	2
61	52	2	2
60	53	2	2
59	54	2	0
58	55	0	0
73	41	1	1
72	42	1	1
71	43	1	1
70	44	2	2
69	45	2	2
68	46	2	2
67	47	2	2
66	48	2	2
65	49	2	2
64	50	2	2
63	51	2	2
62	52	1	1
61	53	1	1
60	54	2	2
59	55	0	0
58	56	0	0
74	41	1	1
73	42	1	1
72	43	1	1
71	44	2	2
70	45	2	2
69	46	2	2
68	47	2	2
67	48	2	2
66	49	2	2
65	50	2	2
64	51	2	2
63	52	1	2
62	53	1	2
61	54	1	1
60	55	1	0
59	56	0	0
74	42	1	1
73	43	1	1
72	44	2	2
71	45	2	2
70	46	2	2
69	47	2	2
68	48	2	2
67	49	2	2
66	50	2	2
65	51	2	2
64	52	2	2
63	53	2	1
62	54	1	1
61	55	1	1
60	56	0	0
59	57	0	0
75	42	1	1
74	43	1	1
73	44	2	2
72	45	2	2
71	46	2	2
70	47	2	2
69	48	2	2
68	49	2	2
67	50	2	2
66	51	2	2
65	52	2	2
64	53	2	2
63	54	1	2
62	55	1	1
61	56	1	0
60	57	0	0
75	43	1	1
74	44	1	1
73	45	2	2
72	46	2	2
71	47	2	2
70	48	2	2
69	49	2	2
68	50	2	2
67	51	2	2
66	52	2	2
65	53	2	2
64	54	2	1
63	55	1	1
62	56	1	1
61	57	0	0
76	43	1	1
75	44	1	1
74	45	2	2
73	46	2	2
72	47	2	2
71	48	2	2
70	49	2	2
69	50	2	2
68	51	2	2
67	52	2	2
66	53	2	2
65	54	2	2
64	55	1	2
63	56	1	1
62	57	0	0
61	58	0	0
77	43	1	1
76	44	1	1
75	45	1	1
74	46	2	2
73	47	2	2
72	48	2	2
71	49	2	2
70	50	2	2
69	51	2	2
68	52	2	2
67	53	2	2
66	54	2	2
65	55	2	1
64	56	1	1
63	57	1	0
62	58	0	0
77	44	1	1
76	45	1	1
75	46	2	2
74	47	2	2
73	48	2	2
72	49	2	2
71	50	2	2
70	51	2	2
69	52	2	2
68	53	2	2
67	54	2	2
66	55	2	2
65	56	1	1
64	57	1	1
63	58	0	0
62	59	0	0
78	44	1	1
77	45	1	1
76	46	2	2
75	47	2	2
74	48	2	2
73	49	2	2
72	50	2	2
71	51	2	2
70	52	2	2
69	53	2	2
68	54	2	2
67	55	2	2
66	56	1	1
65	57	1	1
64	58	1	0
63	59	0	0
79	44	1	1
78	45	1	1
77	46	1	1
76	47	2	2
75	48	2	2
74	49	2	2
73	50	2	2
72	51	2	2
71	52	2	2
70	53	2	2
69	54	2	2
68	55	2	2
67	56	1	1
66	57	1	1
65	58	1	1
64	59	0	0
80	44	1	1
79	45	1	1
78	46	1	1
77	47	2	2
76	48	2	2
75	49	2	2
74	50	2	2
73	51	2	2
72	52	2	2
71	53	2	2
70	54	2	2
69	55	2	2
68	56	1	1
67	57	1	1
66	58	1	1
65	59	0	0
64	60	0	0
80	45	1	1
79	46	1	1
78	47	2	2
77	48	2	2
76	49	2	2
75	50	2	2
74	51	2	2
73	52	2	2
72	53	2	2
71	54	2	2
70	55	2	2
69	56	2	1
68	57	1	1
67	58	1	1
66	59	1	0
65	60	0	0
81	45	1	1
80	46	1	1
79	47	1	1
78	48	2	2
77	49	2	2
76	50	2	2
75	51	2	2
74	52	2	2
73	53	2	2
72	54	2	2
71	55	2	2
70	56	2	2
69	57	1	1
68	58	1	1
67	59	1	1
66	60	0	0
65	61	0	0
81	46	1	1
80	47	1	1
79	48	2	2
78	49	2	2
77	50	2	2
76	51	2	2
75	52	2	2
74	53	2	2
73	54	2	2
72	55	2	2
71	56	2	2
70	57	2	1
69	58	1	1
68	59	1	1
67	60	1	0
66	61	0	0
82	46	1	1
81	47	1	1
80	48	2	2
79	49	2	2
78	50	2	2
77	51	2	2
76	52	2	2
75	53	2	2
74	54	2	2
73	55	2	2
72	56	2	2
71	57	2	2
70	58	1	1
69	59	1	1
68	60	1	1
67	61	0	0
66	62	0	0
82	47	1	1
81	48	1	1
80	49	2	2
79	50	2	2
78	51	2	2
77	52	2	2
76	53	2	2
75	54	2	2
74	55	2	2
73	56	2	2
72	57	2	2
71	58	2	1
70	59	1	1
69	60	1	1
68	61	1	0
67	62	0	0
83	47	1	1
82	48	1	2
81	49	2	2
80	50	2	2
79	51	2	2
78	52	2	2
77	53	2	2
76	54	2	2
75	55	2	2
74	56	2	2
73	57	2	2
72	58	2	2
71	59	1	1
70	60	1	1
69	61	1	1
68	62	0	0
67	63	0	0
83	48	1	1
82	49	2	2
81	50	2	2
80	51	2	2
79	52	2	2
78	53	2	2
77	54	2	2
76	55	2	2
75	56	2	2
74	57	2	2
73	58	2	2
72	59	2	1
71	60	1	1
70	61	1	1
69	62	1	0
68	63	0	0
84	48	1	1
83	49	2	2
82	50	2	2
81	51	2	2
80	52	2	2
79	53	2	2
78	54	2	2
77	55	2	2
76	56	2	2
75	57	2	2
74	58	2	2
73	59	2	2
72	60	1	1
71	61	1	1
70	62	1	1
69	63	0	0
85	48	1	1
84	49	1	1
83	50	2	2
82	51	2	2
81	52	2	2
80	53	2	2
79	54	2	2
78	55	2	2
77	56	2	2
76	57	2	2
75	58	2	2
74	59	2	2
73	60	1	1
72	61	1	1
71	62	1	1
70	63	0	0
69	64	0	0
85	49	1	1
84	50	2	2
83	51	2	2
82	52	2	2
81	53	2	2
80	54	2	2
79	55	2	2
78	56	2	2
77	57	2	2
76	58	2	2
75	59	2	2
74	60	2	1
73	61	1	1
72	62	1	1
71	63	1	0
70	64	0	0
86	49	1	1
85	50	2	2
84	51	2	2
83	52	2	2
82	53	2	2
81	54	2	2
80	55	2	2
79	56	2	2
78	57	2	2
77	58	2	2
76	59	2	2
75	60	2	2
74	61	1	1
73	62	1	1
72	63	1	1
71	64	0	0
70	65	0	0
86	50	1	1
85	51	2	2
84	52	2	2
83	53	2	2
82	54	2	2
81	55	2	2
80	56	2	2
79	57	2	2
78	58	2	2
77	59	2	2
76	60	2	2
75	61	2	1
74	62	1	1
73	63	1	1
72	64	1	0
71	65	0	0
87	50	1	1
86	51	2	2
85	52	2	2
84	53	2	2
83	54	2	2
82	55	2	2
81	56	2	2
80	57	2	2
79	58	2	2
78	59	2	2
77	60	2	2
76	61	2	2
75	62	1	1
74	63	1	1
73	64	1	1
72	65	0	0
88	50	1	1
87	51	1	1
86	52	2	2
85	53	2	2
84	54	2	2
83	55	2	2
82	56	2	2
81	57	2	2
80	58	2	2
79	59	2	2
78	60	2	2
77	61	2	2
76	62	1	1
75	63	1	1
74	64	1	1
73	65	0	0
72	66	0	0
88	51	1	1
87	52	2	2
86	53	2	2
85	54	2	2
84	55	2	2
83	56	2	2
82	57	2	2
81	58	2	2
80	59	2	2
79	60	2	2
78	61	2	2
77	62	2	1
76	63	1	1
75	64	1	1
74	65	1	0
73	66	0	0
89	51	1	1
88	52	2	2
87	53	2	2
86	54	2	2
85	55	2	2
84	56	2	2
83	57	2	2
82	58	2	2
81	59	2	2
80	60	2	2
79	61	2	2
78	62	2	2
77	63	1	1
76	64	1	1
75	65	1	1
74	66	0	0
73	67	0	0
89	52	1	1
88	53	1	1
87	54	2	2
86	55	2	2
85	56	2	2
84	57	2	2
83	58	2	2
82	59	2	2
81	60	2	2
80	61	2	2
79	62	2	2
78	63	2	1
77	64	2	1
76	65	1	1
75	66	1	0
74	67	0	0
90	52	1	1
89	53	1	2
88	54	2	2
87	55	2	2
86	56	2	2
85	57	2	2
84	58	2	2
83	59	2	2
82	60	2	2
81	61	2	2
80	62	2	2
79	63	2	2
78	64	2	2
77	65	1	1
76	66	1	1
75	67	0	0
74	68	0	0
91	52	1	1
90	53	1	1
89	54	2	2
88	55	2	2
87	56	2	2
86	57	2	2
85	58	2	2
84	59	2	2
83	60	2	2
82	61	2	2
81	62	2	2
80	63	2	2
79	64	2	2
78	65	1	1
77	66	1	1
76	67	1	0
75	68	0	0
91	53	1	1
90	54	2	2
89	55	2	2
88	56	2	2
87	57	2	2
86	58	2	2
85	59	2	2
84	60	2	2
83	61	2	2
82	62	2	2
81	63	2	2
80	64	2	2
79	65	2	1
78	66	1	1
77	67	1	1
76	68	0	0
75	69	0	0
92	53	1	1
91	54	2	2
90	55	2	2
89	56	2	2
88	57	2	2
87	58	2	2
86	59	2	2
85	60	2	2
84	61	2	2
83	62	2	2
82	63	2	2
81	64	2	2
80	65	2	2
79	66	2	1
78	67	1	1
77	68	1	0
76	69	0	0
92	54	2	2
91	55	2	2
90	56	2	2
89	57	2	2
88	58	2	2
87	59	2	2
86	60	2	2
85	61	2	2
84	62	2	2
83	63	2	2
82	64	2	2
81	65	2	2
80	66	2	2
79	67	1	1
78	68	1	1
77	69	0	0
93	54	1	1
92	55	2	2
91	56	2	2
90	57	2	2
89	58	2	2
88	59	2	2
87	60	2	2
86	61	2	2
85	62	2	2
84	63	2	2
83	64	2	2
82	65	2	2
81	66	2	2
80	67	2	1
79	68	1	1
78	69	0	0
94	54	1	1
93	55	2	2
92	56	2	2
91	57	2	2
90	58	2	2
89	59	2	2
88	60	2	2
87	61	2	2
86	62	2	2
85	63	2	2
84	64	2	2
83	65	2	2
82	66	2	2
81	67	2	2
80	68	2	1
79	69	0	0
78	70	0	0
94	55	1	1
93	56	1	1
92	57	2	2
91	58	2	2
90	59	2	2
89	60	2	2
88	61	2	2
87	62	2	2
86	63	2	2
85	64	2	2
84	65	2	2
83	66	2	2
82	67	2	2
81	68	1	1
80	69	1	0
79	70	0	0
95	55	1	1
94	56	1	1
93	57	1	1
92	58	2	2
91	59	2	2
90	60	2	2
89	61	2	2
88	62	2	2
87	63	2	2
86	64	2	2
85	65	2	2
84	66	2	2
83	67	2	2
82	68	1	1
81	69	1	1
80	70	0	0
79	71	0	0
96	55	1	1
95	56	1	1
94	57	1	1
93	58	2	2
92	59	2	2
91	60	2	2
90	61	2	2
89	62	2	2
88	63	2	2
87	64	2	2
86	65	2	2
85	66	2	2
84	67	2	2
83	68	1	1
82	69	1	1
81	70	1	0
80	71	0	0
96	56	1	1
95	57	1	1
94	58	1	1
93	59	2	2
92	60	2	2
91	61	2	2
90	62	2	2
89	63	2	2
88	64	2	2
87	65	2	2
86	66	2	2
85	67	2	2
84	68	2	1
83	69	2	1
82	70	1	1
81	71	0	0
97	56	1	1
96	57	1	1
95	58	1	1
94	59	2	2
93	60	2	2
92	61	2	2
91	62	2	2
90	63	2	2
89	64	2	2
88	65	2	2
87	66	2	2
86	67	2	2
85	68	2	2
84	69	1	1
83	70	1	1
82	71	0	0
81	72	0	0
97	57	1	1
96	58	1	1
95	59	2	2
94	60	2	2
93	61	2	2
92	62	2	2
91	63	2	2
90	64	2	2
89	65	2	2
88	66	2	2
87	67	2	2
86	68	2	2
85	69	1	2
84	70	1	1
83	71	1	0
82	72	0	0
98	57	1	1
97	58	1	1
96	59	2	2
95	60	2	2
94	61	2	2
93	62	2	2
92	63	2	2
91	64	2	2
90	65	2	2
89	66	2	2
88	67	2	2
87	68	2	2
86	69	2	2
85	70	1	1
84	71	1	1
83	72	0	0
82	73	0	0
98	58	1	1
97	59	1	1
96	60	2	2
95	61	2	2
94	62	2	2
93	63	2	2
92	64	2	2
91	65	2	2
90	66	2	2
89	67	2	2
88	68	2	2
87	69	2	2
86	70	2	1
85	71	1	1
84	72	1	0
83	73	0	0
99	58	1	1
98	59	1	1
97	60	2	2
96	61	2	2
95	62	2	2
94	63	2	2
93	64	2	2
92	65	2	2
91	66	2	2
90	67	2	2
89	68	2	2
88	69	2	2
87	70	2	2
86	71	1	1
85	72	1	1
84	73	0	0
83	74	0	0
99	59	1	1
98	60	1	1
97	61	2	2
96	62	2	2
95	63	2	2
94	64	2	2
93	65	2	2
92	66	2	2
91	67	2	2
90	68	2	2
89	69	2	2
88	70	2	2
87	71	1	2
86	72	1	1
85	73	1	0
84	74	0	0
100	59	1	1
99	60	1	1
98	61	2	2
97	62	2	2
96	63	2	2
95	64	2	2
94	65	2	2
93	66	2	2
92	67	2	2
91	68	2	2
90	69	2	2
89	70	2	2
88	71	2	1
87	72	1	1
86	73	1	1
85	74	0	0
84	75	0	0
100	60	1	1
99	61	1	1
98	62	2	2
97	63	2	2
96	64	2	2
95	65	2	2
94	66	2	2
93	67	2	2
92	68	2	2
91	69	2	2
90	70	2	2
89	71	2	2
88	72	2	1
87	73	1	1
86	74	1	0
85	75	0	0
101	60	1	1
100	61	1	1
99	62	2	2
98	63	2	2
97	64	2	2
96	65	2	2
95	66	2	2
94	67	2	2
93	68	2	2
92	69	2	2
91	70	2	2
90	71	2	2
89	72	2	2
88	73	1	1
87	74	1	1
86	75	0	0
85	76	0	0
101	61	1	1
100	62	1	1
99	63	2	2
98	64	2	2
97	65	2	2
96	66	2	2
95	67	2	2
94	68	2	2
93	69	2	2
92	70	2	2
91	71	2	2
90	72	2	2
89	73	1	2
88	74	1	1
87	75	1	0
86	76	0	0
102	61	1	1
101	62	1	1
100	63	2	2
99	64	2	2
98	65	2	2
97	66	2	2
96	67	2	2
95	68	2	2
94	69	2	2
93	70	2	2
92	71	2	2
91	72	2	2
90	73	2	1
89	74	1	1
88	75	1	1
87	76	0	0
102	62	1	1
101	63	1	1
100	64	1	1
99	65	2	2
98	66	2	2
97	67	2	2
96	68	2	2
95	69	2	2
94	70	2	2
93	71	2	2
92	72	2	2
91	73	2	2
90	74	2	1
89	75	1	1
88	76	0	0
87	77	0	0
103	62	1	1
102	63	1	1
101	64	1	1
100	65	1	1
99	66	2	2
98	67	2	2
97	68	2	2
96	69	2	2
95	70	2	2
94	71	2	2
93	72	2	2
92	73	2	2
91	74	2	2
90	75	1	1
89	76	1	0
88	77	0	0
103	63	1	1
102	64	1	1
101	65	1	2
100	66	2	2
99	67	2	2
98	68	2	2
97	69	2	2
96	70	2	2
95	71	2	2
94	72	2	2
93	73	2	2
92	74	2	2
91	75	1	2
90	76	1	1
89	77	0	0
88	78	0	0
104	63	1	1
103	64	1	1
102	65	1	1
101	66	2	2
100	67	2	2
99	68	2	2
98	69	2	2
97	70	2	2
96	71	2	2
95	72	2	2
94	73	2	2
93	74	1	1
92	75	1	1
91	76	1	1
90	77	1	0
89	78	0	0
104	64	1	1
103	65	1	1
102	66	2	2
101	67	2	2
100	68	2	2
99	69	2	2
98	70	2	2
97	71	2	2
96	72	2	2
95	73	2	2
94	74	1	2
93	75	1	2
92	76	2	1
91	77	1	1
90	78	0	0
105	64	1	1
104	65	1	1
103	66	2	2
102	67	2	2
101	68	2	2
100	69	2	2
99	70	2	2
98	71	2	2
97	72	2	2
96	73	2	2
95	74	2	1
94	75	2	1
93	76	2	2
92	77	1	1
91	78	0	0
90	79	0	0
105	65	1	1
104	66	1	1
103	67	2	2
102	68	2	2
101	69	2	2
100	70	2	2
99	71	2	2
98	72	2	2
97	73	2	2
96	74	2	2
95	75	2	2
94	76	2	1
93	77	1	1
92	78	1	0
91	79	0	0
106	65	1	1
105	66	1	1
104	67	2	2
103	68	2	2
102	69	2	2
101	70	2	2
100	71	2	2
99	72	2	2
98	73	2	2
97	74	2	2
96	75	2	2
95	76	1	2
94	77	1	1
93	78	1	1
92	79	0	0
91	80	0	0
106	66	1	1
105	67	1	1
104	68	2	2
103	69	2	2
102	70	2	2
101	71	2	2
100	72	2	2
99	73	2	2
98	74	2	2
97	75	2	2
96	76	2	1
95	77	2	1
94	78	2	1
93	79	1	0
92	80	0	0
107	66	1	1
106	67	1	1
105	68	1	1
104	69	2	2
103	70	2	2
102	71	2	2
101	72	2	2
100	73	2	2
99	74	2	2
98	75	2	2
97	76	2	2
96	77	2	2
95	78	2	2
94	79	1	1
93	80	0	0
107	67	1	1
106	68	1	1
105	69	2	2
104	70	2	2
103	71	2	2
102	72	2	2
101	73	2	2
100	74	2	2
99	75	2	2
98	76	2	2
97	77	2	2
96	78	1	1
95	79	1	1
94	80	0	0
108	67	1	1
107	68	1	1
106	69	2	2
105	70	2	2
104	71	2	2
103	72	2	2
102	73	2	2
101	74	2	2
100	75	2	2
99	76	2	2
98	77	2	2
97	78	1	2
96	79	1	1
95	80	0	0
108	68	1	1
107	69	2	2
106	70	2	2
105	71	2	2
104	72	2	2
103	73	2	2
102	74	2	2
101	75	2	2
100	76	2	2
99	77	2	2
98	78	2	1
97	79	2	1
96	80	0	0
95	81	0	0
109	68	1	1
108	69	1	1
107	70	2	2
106	71	2	2
105	72	2	2
104	73	2	2
103	74	2	2
102	75	2	2
101	76	2	2
100	77	2	2
99	78	2	2
98	79	2	2
97	80	2	0
96	81	0	0
109	69	1	1
108	70	2	2
107	71	2	2
106	72	1	1
105	73	1	1
104	74	2	2
103	75	2	2
102	76	2	2
101	77	2	2
100	78	2	2
99	79	2	2
98	80	1	1
97	81	0	0
96	82	0	0
110	69	1	1
109	70	1	1
108	71	2	2
107	72	1	2
106	73	1	2
105	74	2	2
104	75	2	2
103	76	2	2
102	77	2	2
101	78	2	2
100	79	2	2
99	80	1	2
98	81	1	0
97	82	0	0
110	70	1	1
109	71	2	2
108	72	2	1
107	73	2	1
106	74	2	2
105	75	2	2
104	76	2	2
103	77	2	2
102	78	2	2
101	79	2	2
100	80	2	1
99	81	2	1
98	82	0	0
111	70	1	1
110	71	2	2
109	72	2	2
108	73	2	2
107	74	2	2
106	75	2	2
105	76	2	2
104	77	2	2
103	78	2	2
102	79	2	2
101	80	2	2
100	81	2	2
99	82	0	0
111	71	1	1
110	72	2	2
109	73	2	2
108	74	2	2
107	75	2	2
106	76	2	2
105	77	2	2
104	78	2	2
103	79	2	2
102	80	2	2
101	81	2	2
100	82	0	0
112	71	1	2
111	72	2	2
110	73	2	2
109	74	2	2
108	75	2	2
107	76	2	2
106	77	2	2
105	78	2	2
104	79	2	2
103	80	2	2
102	81	2	2
101	82	0	0
113	71	1	1
112	72	2	2
111	73	2	2
110	74	2	2
109	75	2	2
108	76	2	2
107	77	2	2
106	78	2	2
105	79	2	2
104	80	2	2
103	81	2	2
102	82	0	0
101	83	0	0
114	71	1	1
113	72	2	2
112	73	2	2
111	74	2	2
110	75	2	2
109	76	2	2
108	77	2	2
107	78	2	2
106	79	2	2
105	80	2	2
104	81	2	2
103	82	1	0
102	83	0	0
114	72	2	2
113	73	2	2
112	74	2	2
111	75	2	2
110	76	2	2
109	77	2	2
108	78	2	2
107	79	2	2
106	80	2	2
105	81	2	2
104	82	1	2
103	83	0	0
102	84	0	0
115	72	1	1
114	73	2	2
113	74	2	2
112	75	2	2
111	76	2	2
110	77	2	2
109	78	2	2
108	79	2	2
107	80	2	2
106	81	2	2
105	82	2	2
104	83	2	0
103	84	0	0
116	72	1	1
115	73	2	2
114	74	2	2
113	75	2	2
112	76	2	2
111	77	2	2
110	78	2	2
109	79	2	2
108	80	2	2
107	81	2	2
106	82	2	2
105	83	2	2
104	84	0	0
117	72	1	1
116	73	1	1
115	74	2	2
114	75	2	2
113	76	2	2
112	77	2	2
111	78	2	2
110	79	2	2
109	80	2	2
108	81	2	2
107	82	2	2
106	83	2	2
105	84	0	0
117	73	1	1
116	74	2	2
115	75	2	2
114	76	2	2
113	77	2	2
112	78	2	2
111	79	2	2
110	80	1	1
109	81	1	1
108	82	2	2
107	83	2	2
106	84	0	0
118	73	1	1
117	74	2	2
116	75	2	2
115	76	2	2
114	77	2	2
113	78	2	2
112	79	2	2
111	80	1	2
110	81	1	2
109	82	2	2
108	83	2	2
107	84	0	0
106	85	0	0
119	73	1	1
118	74	1	1
117	75	2	2
116	76	2	2
115	77	2	2
114	78	2	2
113	79	2	2
112	80	2	2
111	81	2	2
110	82	2	2
109	83	2	2
108	84	2	0
107	85	0	0
119	74	1	1
118	75	2	2
117	76	2	2
116	77	2	2
115	78	2	2
114	79	2	2
113	80	2	2
112	81	2	2
111	82	2	2
110	83	2	2
109	84	2	2
108	85	0	0
107	86	0	0
120	74	1	1
119	75	1	1
118	76	2	2
117	77	2	2
116	78	2	2
115	79	2	2
114	80	2	2
113	81	2	2
112	82	1	1
111	83	1	1
110	84	2	2
109	85	2	0
108	86	0	0
120	75	1	1
119	76	2	2
118	77	2	2
117	78	2	2
116	79	2	2
115	80	2	2
114	81	2	2
113	82	1	2
112	83	1	2
111	84	2	2
110	85	2	2
109	86	0	0
121	75	1	1
120	76	2	2
119	77	2	2
118	78	2	2
117	79	2	2
116	80	2	2
115	81	2	2
114	82	2	1
113	83	2	1
112	84	2	2
111	85	2	2
110	86	0	0
122	75	1	1
121	76	1	1
120	77	2	2
119	78	2	2
118	79	2	2
117	80	2	2
116	81	2	2
115	82	2	2
114	83	2	2
113	84	2	2
112	85	2	2
111	86	0	0
123	75	1	1
122	76	1	1
121	77	1	1
120	78	2	2
119	79	2	2
118	80	2	2
117	81	2	2
116	82	2	2
115	83	2	2
114	84	1	1
113	85	1	1
112	86	0	0
123	76	1	1
122	77	1	2
121	78	2	2
120	79	2	2
119	80	2	2
118	81	2	2
117	82	2	2
116	83	2	2
115	84	1	2
114	85	1	2
113	86	0	0
112	87	0	0
124	76	1	1
123	77	1	1
122	78	2	2
121	79	2	2
120	80	2	2
119	81	2	2
118	82	2	2
117	83	2	2
116	84	2	1
115	85	2	1
114	86	2	0
113	87	0	0
125	76	1	1
124	77	1	1
123	78	2	2
122	79	2	2
121	80	2	2
120	81	2	2
119	82	2	2
118	83	2	2
117	84	2	2
116	85	2	2
115	86	2	2
114	87	0	0
113	88	0	0
126	76	1	1
125	77	1	1
124	78	2	2
123	79	2	2
122	80	2	2
121	81	2	2
120	82	2	2
119	83	2	2
118	84	2	2
117	85	2	2
116	86	1	1
115	87	1	0
114	88	0	0
126	77	1	1
125	78	1	1
124	79	2	2
123	80	2	2
122	81	2	2
121	82	2	2
120	83	2	2
119	84	2	2
118	85	2	2
117	86	1	2
116	87	1	1
115	88	0	0
127	77	1	1
126	78	1	1
125	79	1	1
124	80	2	2
123	81	2	2
122	82	2	2
121	83	2	2
120	84	2	2
119	85	2	2
118	86	2	1
117	87	2	1
116	88	0	0
127	78	1	1
126	79	1	1
125	80	2	2
124	81	2	2
123	82	2	2
122	83	2	2
121	84	2	2
120	85	2	2
119	86	2	2
118	87	2	2
117	88	0	0
128	78	1	1
127	79	1	1
126	80	2	2
125	81	2	2
124	82	2	2
123	83	2	2
122	84	2	2
121	85	2	2
120	86	2	2
119	87	2	2
118	88	0	0
117	89	0	0
128	79	1	1
127	80	2	2
126	81	2	2
125	82	2	2
124	83	2	2
123	84	2	2
122	85	2	2
121	86	2	2
120	87	2	2
119	88	1	0
118	89	0	0
129	79	1	1
128	80	2	2
127	81	2	2
126	82	2	2
125	83	2	2
124	84	2	2
123	85	2	2
122	86	2	2
121	87	2	2
120	88	2	1
119	89	0	0
118	90	0	0
130	79	1	1
129	80	1	1
128	81	2	2
127	82	2	2
126	83	2	2
125	84	2	2
124	85	2	2
123	86	2	2
122	87	2	2
121	88	2	2
120	89	2	0
119	90	0	0
131	79	1	1
130	80	1	1
129	81	2	2
128	82	2	2
127	83	2	2
126	84	2	2
125	85	2	2
124	86	2	2
123	87	2	2
122	88	2	2
121	89	2	2
120	90	0	0
131	80	1	1
130	81	2	2
129	82	2	2
128	83	2	2
127	84	2	2
126	85	2	2
125	86	2	2
124	87	2	2
123	88	2	2
122	89	2	2
121	90	0	0
132	80	1	1
131	81	1	1
130	82	2	2
129	83	2	2
128	84	2	2
127	85	2	2
126	86	2	2
125	87	2	2
124	88	2	2
123	89	2	2
122	90	0	0
121	91	0	0
133	80	1	1
132	81	1	2
131	82	2	2
130	83	2	2
129	84	2	2
128	85	2	2
127	86	2	2
126	87	2	2
125	88	2	2
124	89	2	2
123	90	2	0
122	91	0	0
134	80	1	1
133	81	1	1
132	82	2	2
131	83	2	2
130	84	2	2
129	85	2	2
128	86	2	2
127	87	2	2
126	88	2	2
125	89	2	2
124	90	2	2
123	91	0	0
135	80	1	1
134	81	1	1
133	82	1	1
132	83	2	2
131	84	2	2
130	85	2	2
129	86	2	2
128	87	2	2
127	88	2	2
126	89	2	2
125	90	2	2
124	91	0	0
136	80	1	1
135	81	1	1
134	82	1	1
133	83	2	2
132	84	2	2
131	85	2	2
130	86	2	2
129	87	2	2
128	88	2	2
127	89	2	2
126	90	2	2
125	91	0	0
136	81	1	1
135	82	1	1
134	83	2	2
133	84	2	2
132	85	2	2
131	86	2	2
130	87	2	2
129	88	2	2
128	89	2	2
127	90	2	2
126	91	0	0
125	92	0	0
137	81	1	1
136	82	1	1
135	83	2	2
134	84	2	2
133	85	2	2
132	86	2	2
131	87	2	2
130	88	2	2
129	89	2	2
128	90	2	2
127	91	1	0
126	92	0	0
137	82	1	1
136	83	1	1
135	84	2	2
134	85	2	2
133	86	2	2
132	87	2	2
131	88	2	2
130	89	2	2
129	90	2	2
128	91	2	1
127	92	0	0
126	93	0	0
138	82	1	1
137	83	1	1
136	84	2	2
135	85	2	2
134	86	2	2
133	87	2	2
132	88	2	2
131	89	2	2
130	90	1	1
129	91	1	1
128	92	1	0
127	93	0	0
138	83	1	1
137	84	2	2
136	85	2	2
135	86	2	2
134	87	2	2
133	88	2	2
132	89	2	2
131	90	1	2
130	91	1	1
129	92	1	1
128	93	0	0
139	83	1	1
138	84	2	2
137	85	2	2
136	86	2	2
135	87	2	2
134	88	2	2
133	89	2	2
132	90	1	1
131	91	1	1
130	92	1	1
129	93	0	0
140	83	1	1
139	84	1	1
138	85	2	2
137	86	2	2
136	87	2	2
135	88	2	2
134	89	2	2
133	90	1	2
132	91	1	1
131	92	1	1
130	93	0	0
141	83	1	1
140	84	1	1
139	85	2	2
138	86	2	2
137	87	2	2
136	88	2	2
135	89	2	2
134	90	2	2
133	91	2	1
132	92	1	1
131	93	0	0
141	84	1	1
140	85	1	1
139	86	2	2
138	87	2	2
137	88	2	2
136	89	2	2
135	90	2	2
134	91	2	2
133	92	1	1
132	93	0	0
142	84	1	1
141	85	1	1
140	86	2	2
139	87	2	2
138	88	2	2
137	89	2	2
136	90	2	2
135	91	2	2
134	92	1	1
133	93	0	0
143	84	1	1
142	85	1	1
141	86	2	2
140	87	2	2
139	88	2	2
138	89	2	2
137	90	2	2
136	91	2	2
135	92	1	2
134	93	0	0
143	85	1	1
142	86	2	2
141	87	2	2
140	88	2	2
139	89	2	2
138	90	2	2
137	91	2	2
136	92	2	1
135	93	0	0
134	94	0	0
144	85	1	1
143	86	2	2
142	87	2	2
141	88	2	2
140	89	2	2
139	90	2	2
138	91	2	2
137	92	2	2
136	93	2	0
135	94	0	0
144	86	1	1
143	87	2	2
142	88	2	2
141	89	2	2
140	90	2	2
139	91	2	2
138	92	2	2
137	93	2	2
136	94	0	0
135	95	0	0
145	86	1	1
144	87	2	2
143	88	2	2
142	89	2	2
141	90	2	2
140	91	2	2
139	92	2	2
138	93	2	2
137	94	1	0
136	95	0	0
145	87	1	1
144	88	2	2
143	89	2	2
142	90	2	2
141	91	2	2
140	92	1	1
139	93	1	1
138	94	1	1
137	95	0	0
136	96	0	0
146	87	1	1
145	88	2	2
144	89	2	2
143	90	2	2
142	91	2	2
141	92	1	2
140	93	1	2
139	94	1	1
138	95	1	0
137	96	0	0
146	88	2	2
145	89	2	2
144	90	2	2
143	91	2	2
142	92	2	1
141	93	2	1
140	94	1	1
139	95	1	1
138	96	0	0
137	97	0	0
147	88	1	1
146	89	2	2
145	90	2	2
144	91	2	2
143	92	2	2
142	93	2	2
141	94	1	1
140	95	1	1
139	96	1	0
138	97	0	0
147	89	2	2
146	90	2	2
145	91	2	2
144	92	2	2
143	93	2	2
142	94	1	1
141	95	1	1
140	96	1	1
139	97	0	0
148	89	1	1
147	90	2	2
146	91	2	2
145	92	2	2
144	93	2	2
143	94	1	1
142	95	1	1
141	96	1	1
140	97	0	0
139	98	0	0
148	90	1	1
147	91	2	2
146	92	2	2
145	93	2	2
144	94	1	1
143	95	1	1
142	96	1	1
141	97	1	0
140	98	0	0
149	90	1	1
148	91	1	1
147	92	2	2
146	93	2	2
145	94	2	2
144	95	2	1
143	96	1	1
142	97	1	1
141	98	0	0
140	99	0	0
149	91	1	1
148	92	2	2
147	93	2	2
146	94	2	2
145	95	2	2
144	96	1	1
143	97	1	1
142	98	1	0
141	99	0	0
150	91	1	1
149	92	1	1
148	93	2	2
147	94	2	2
146	95	2	2
145	96	1	1
144	97	1	1
143	98	1	1
142	99	0	0
141	100	0	0
150	92	1	1
149	93	2	2
148	94	2	2
147	95	2	2
146	96	1	1
145	97	1	1
144	98	1	1
143	99	1	0
142	100	0	0
151	92	1	1
150	93	1	1
149	94	2	2
148	95	2	2
147	96	1	1
146	97	1	1
145	98	1	1
144	99	1	1
143	100	0	0
151	93	1	1
150	94	2	2
149	95	2	2
148	96	2	1
147	97	1	1
146	98	1	1
145	99	1	1
144	100	0	0
152	93	1	1
151	94	2	2
150	95	2	2
149	96	2	2
148	97	2	1
147	98	1	1
146	99	1	1
145	100	0	0
144	101	0	0
152	94	1	1
151	95	1	1
150	96	2	2
149	97	2	2
148	98	1	1
147	99	1	1
146	100	1	0
145	101	0	0
153	94	1	1
152	95	1	1
151	96	2	2
150	97	2	2
149	98	1	1
148	99	1	1
147	100	1	1
146	101	0	0
153	95	1	1
152	96	1	1
151	97	1	1
150	98	1	1
149	99	1	1
148	100	1	1
147	101	0	0
146	102	0	0
154	95	1	1
153	96	1	2
152	97	1	2
151	98	1	1
150	99	1	1
149	100	1	1
148	101	1	0
147	102	0	0
154	96	2	1
153	97	2	1
152	98	1	1
151	99	1	1
150	100	1	1
149	101	1	1
148	102	0	0
155	96	2	2
154	97	2	2
153	98	1	1
152	99	1	1
151	100	1	1
150	101	1	1
149	102	0	0
148	103	0	0
156	96	1	1
155	97	1	1
154	98	2	1
153	99	2	1
152	100	2	1
151	101	1	1
150	102	1	0
149	103	0	0
156	97	1	1
155	98	2	2
154	99	2	2
153	100	1	1
152	101	1	1
151	102	1	1
150	103	0	0
149	104	0	0
157	97	1	1
156	98	2	2
155	99	2	2
154	100	1	1
153	101	1	1
152	102	1	1
151	103	1	0
150	104	0	0
157	98	1	1
156	99	2	2
155	100	1	1
154	101	1	1
153	102	1	1
152	103	1	1
151	104	0	0
150	105	0	0
158	98	1	1
157	99	1	1
156	100	1	1
155	101	1	1
154	102	2	1
153	103	1	1
152	104	1	0
151	105	0	0
158	99	1	1
157	100	1	2
156	101	1	2
155	102	1	1
154	103	1	1
153	104	1	1
152	105	0	0
159	99	1	1
158	100	1	1
157	101	1	1
156	102	1	1
155	103	1	1
154	104	1	1
153	105	0	0
152	106	0	0
159	100	1	1
158	101	1	1
157	102	1	1
156	103	1	1
155	104	1	1
154	105	1	0
153	106	0	0
160	100	1	1
159	101	1	1
158	102	1	1
157	103	1	1
156	104	1	1
155	105	1	1
154	106	0	0
153	107	0	0
160	101	1	1
159	102	1	1
158	103	1	1
157	104	1	1
156	105	1	1
155	106	1	0
154	107	0	0
161	101	1	1
160	102	1	1
159	103	1	1
158	104	1	1
157	105	1	1
156	106	1	1
155	107	0	0
161	102	1	1
160	103	1	1
159	104	1	1
158	105	1	1
157	106	1	1
156	107	0	0
155	108	0	0
162	102	1	1
161	103	1	1
160	104	1	1
159	105	1	1
158	106	1	1
157	107	1	0
156	108	0	0
162	103	1	1
161	104	1	1
160	105	1	1
159	106	1	1
158	107	1	1
157	108	0	0
156	109	0	0
163	103	1	1
162	104	1	1
161	105	1	1
160	106	1	1
159	107	1	1
158	108	1	0
157	109	0	0
163	104	1	1
162	105	1	1
161	106	1	1
160	107	1	1
159	108	1	1
158	109	0	0
157	110	0	0
164	104	1	1
163	105	1	1
162	106	1	1
161	107	1	1
160	108	1	1
159	109	1	0
158	110	0	0
164	105	1	1
163	106	1	1
162	107	1	1
161	108	1	1
160	109	1	1
159	110	0	0
165	105	1	1
164	106	1	1
163	107	1	1
162	108	1	1
161	109	1	1
160	110	0	0
165	106	1	1
164	107	1	1
163	108	1	1
162	109	1	1
161	110	0	0
166	106	1	1
165	107	1	1
164	108	1	1
163	109	1	1
162	110	0	0
161	111	0	0
167	106	1	1
166	107	1	1
165	108	1	1
164	109	1	1
163	110	1	0
162	111	0	0
167	107	1	1
166	108	1	1
165	109	1	1
164	110	1	1
163	111	0	0
168	107	1	1
167	108	1	1
166	109	1	1
165	110	1	1
164	111	0	0
168	108	1	1
167	109	1	1
166	110	1	1
165	111	0	0
164	112	0	0
169	108	1	1
168	109	1	1
167	110	1	1
166	111	1	0
165	112	0	0
169	109	1	1
168	110	1	1
167	111	1	1
166	112	0	0
165	113	0	0
170	109	1	1
169	110	1	1
168	111	1	1
167	112	1	0
166	113	0	0
170	110	1	1
169	111	1	1
168	112	1	1
167	113	0	0
171	110	1	1
170	111	1	1
169	112	1	1
168	113	0	0
171	111	1	1
170	112	1	1
169	113	0	0
172	111	1	1
171	112	1	1
170	113	0	0
172	112	1	1
171	113	0	0
173	112	1	1
172	113	0	0
171	114	0	0
173	113	1	1
172	114	0	0
174	113	1	1
173	114	0	0
172	115	0	0
174	114	1	0
173	115	0	0
175	114	1	1
174	115	0	0
173	116	0	0
175	115	1	0
174	116	0	0
176	115	1	1
175	116	0	0
174	117	0	0
176	116	1	0
175	117	0	0
177	116	1	1
176	117	0	0
175	118	0	0
177	117	1	0
176	118	0	0
177	118	0	0
