N	Z	Q(bn)
1	0	1010
0	1	1010
1	1	1010
2	1	1010
1	2	1010
0	3	1010
3	1	1618.588
2	2	-34313.27
1	3	1010
4	1	22396.208
3	2	-22163.273
2	3	1010
1	4	1010
5	1	22573.172
4	2	-2158.104
3	3	-31123.155
2	4	1010
1	5	1010
6	1	23471.71
5	2	3914.931
4	3	-11539.243
3	4	-39622.551
2	5	1010
6	2	8631.258
5	3	-2894.507
4	4	-30806.196
3	5	1010
2	6	1010
7	2	11918.774
6	3	11941.91
5	4	-19644.445
4	5	-30719.102
3	6	1010
8	2	16146.092
7	3	13632.856
6	4	-7880.313
5	5	-24931.594
4	6	1010
3	7	1010
8	3	20049.447
7	4	55.164
6	5	-15102.192
5	6	-36221.127
4	7	1010
9	3	20671.083
8	4	8338.563
7	5	-5352.194
6	6	-32374.962
5	7	1010
4	8	1010
10	3	25191.813
9	4	12218.347
8	5	8490.8
7	6	-22284.382
6	7	-34640.529
5	8	1010
10	4	15321.063
9	5	12467.362
8	6	-10396.904
7	7	-28323.34
6	8	1010
5	9	1010
11	4	18024.99
10	5	17866.774
9	6	-1061.595
8	7	-15977.336
7	8	-37180.125
6	9	1010
12	4	20417.832
11	5	19167.812
10	6	5521.371
9	7	-5243.012
8	8	-29615.126
7	9	1010
6	10	1010
12	5	22005.368
11	6	7275.553
10	7	4535.759
9	8	-19560.335
8	9	-30105.769
7	10	1010
13	5	22745.038
12	6	8976.736
11	7	5850.614
10	8	-10805.839
9	9	-23698.65
8	10	1010
7	11	1010
14	5	25788.17
13	6	11228.131
12	7	8567.024
11	8	-5611.568
10	9	-14876.388
9	10	-31356.197
8	11	1010
7	12	1010
15	5	26648.68
14	6	13630.77
13	7	10360.932
12	8	-2787.708
11	9	-9840.833
10	10	-28042.635
9	11	-33049.103
8	12	1010
16	5	30092
15	6	15806.74
14	7	13383.677
13	8	8.056
12	9	-1076.993
11	10	-20653.698
10	11	-27814.622
9	12	1010
8	13	1010
16	6	20267.759
15	7	15905.453
14	8	1259.616
13	9	453.831
12	10	-13911.396
11	11	-24166.35
10	12	-35461
9	13	1010
8	14	1010
17	6	24061
16	7	20967.02
15	8	3755.966
14	9	3266.436
13	10	-8043.842
12	11	-17201.228
11	12	-31746.335
10	13	-34661
9	14	1010
17	7	24246.43
16	8	7116.046
15	9	4642.257
14	10	-4493.103
13	11	-11016.009
12	12	-28752.955
11	13	-31815.968
10	14	-22575
9	15	1010
18	7	29411
17	8	11716.88
16	9	9243.835
15	10	-1713.169
14	11	-3495.566
13	12	-21216.476
12	13	-27731.836
11	14	-37563
10	15	1010
18	8	15298.206
17	9	12653.545
16	10	1765.945
15	11	-1739.324
14	12	-15369.693
13	13	-24108.756
12	14	-34951
11	15	1010
10	16	1010
19	8	17714.25
18	9	16078.869
17	10	5825.289
16	11	2625.549
15	12	-10447.817
14	13	-18127.089
13	14	-31428.928
12	15	-35872
11	16	1010
20	8	19379
19	9	17813.811
18	10	8737.924
17	11	5526.985
16	12	-5893.3
15	13	-12537.456
14	14	-28841.655
13	15	-32246.945
12	16	1010
11	17	1010
20	9	20262.91
19	10	11316.795
18	11	9627.386
17	12	-1823.617
16	13	-4783.183
15	14	-22818.658
14	15	-29096.973
13	16	-38744
12	17	1010
21	9	21640.45
20	10	12288.283
19	11	11006.187
18	12	1249.615
17	13	-2048.692
16	14	-15551.822
15	15	-25115.521
14	16	-35898
13	17	1010
12	18	1010
22	9	24507.45
21	10	14274.357
20	11	13073.342
19	12	4678.799
18	13	1406.67
17	14	-10819.745
16	15	-18452.846
15	16	-31557.401
14	17	-36627
13	18	1010
22	10	16666.41
21	11	13860.675
20	12	6054.851
19	13	3779.188
18	14	-7708.462
17	15	-13333.67
16	16	-27020.729
15	17	-32700.323
14	18	1010
13	19	1010
23	10	19116
22	11	16724.69
21	12	7989.417
20	13	7538.133
19	14	-4280.769
18	15	-8393.132
17	16	-21322.497
16	17	-26874.304
15	18	-38554
14	19	1010
24	10	20803
23	11	18255.83
22	12	8720.259
21	13	9374.108
20	14	-1690.7
19	15	-6034.166
18	16	-16999.675
17	17	-23127.115
16	18	-33492
15	19	1010
14	20	1010
24	11	21445.12
23	12	10637.367
22	13	11665.576
21	14	2116.982
20	15	-2997.414
19	16	-12477.447
18	17	-18706.56
17	18	-29898.519
16	19	-33096
15	20	1010
25	11	22200.06
24	12	12528.674
23	13	12239.467
22	14	4393.155
21	15	523.876
20	16	-9721.897
19	17	-14545.928
18	18	-27129.965
17	19	-30275.915
16	20	1010
15	21	1010
26	11	24691
25	12	14267.86
24	13	14131.571
23	14	5585.427
22	15	3596.706
21	16	-5445.709
20	17	-9601.303
19	18	-21601.899
18	19	-26420.363
17	20	-36559
16	21	1010
26	12	16192.98
25	13	14732.827
24	14	6754.487
23	15	4155.541
22	16	-3170.98
21	17	-6921.757
20	18	-17985.936
19	19	-23736.003
18	20	-33614
17	21	1010
16	22	1010
27	12	17994
26	13	17095.33
25	14	8918.595
24	15	5960.593
23	16	-1435.574
22	17	-3156.692
21	18	-12512.75
20	19	-19820.008
19	20	-30807.992
18	21	-32910
17	22	1010
28	12	19539
27	13	17581.01
26	14	10187.633
25	15	7016.601
24	16	-1108.973
23	17	-2386.938
22	18	-9304.023
21	19	-14324.106
20	20	-28744.99
19	21	-30792.95
18	22	1010
17	23	1010
28	13	20386.67
27	14	12122.775
26	15	9786.76
25	16	477.921
24	17	-338.613
23	18	-7603.332
22	19	-8784.476
21	20	-22685.866
20	21	-27863.344
19	22	-35655
18	23	1010
29	13	20646
28	14	13470.19
27	15	11946.995
26	16	1598.124
25	17	83.196
24	18	-6934.449
23	19	-7955.453
22	20	-17976.15
21	21	-24494.92
20	22	-33372
19	23	1010
18	24	1010
30	13	23311
29	14	14019.77
28	15	14246.255
27	16	4646.218
26	17	2028.731
25	18	-5059.099
24	19	-6099.464
23	20	-14358.985
22	21	-19154.756
21	22	-29772.728
20	23	-32229
19	24	1010
30	14	15762
29	15	14565.91
28	16	7047.076
27	17	3328.765
26	18	-4169.183
25	19	-5443.994
24	20	-13351.88
23	21	-16566.207
22	22	-27703.531
21	23	-29887
20	24	1010
19	25	1010
31	14	18700
30	15	16456.33
29	16	8548.828
28	17	6242.19
27	18	-2060.619
26	19	-3218.296
25	20	-11067.495
24	21	-11593.925
23	22	-22964.062
22	23	-26314.75
21	24	-34246
20	25	1010
19	26	1010
31	15	18703
30	16	10326.1
29	17	7889.152
28	18	-1186.438
27	19	-2673.087
26	20	-10138.537
25	21	-10822.694
24	22	-20317.764
23	23	-25631.121
22	24	-32412
21	25	-34460
20	26	1010
32	15	21131
31	16	13145
30	17	11562.43
29	18	2131.596
28	19	-644.893
27	20	-8654.273
26	21	-8279.95
25	22	-15933.119
24	23	-20603.584
23	24	-29675.445
22	25	-31224
21	26	1010
20	27	1010
32	16	14788
31	17	13078
30	18	5201.18
29	19	1987.662
28	20	-7960.449
27	21	-7638.336
26	22	-14557.246
25	23	-17987.194
24	24	-28327.532
23	25	-29803
22	26	-36333
21	27	1010
20	28	1010
33	16	17193
32	17	15514
31	18	7352.67
30	19	6541.954
29	20	-4867.792
28	21	-6140.653
27	22	-12157.356
26	23	-13210.62
25	24	-24080.575
24	25	-27292.011
23	26	-33688
22	27	-34878
21	28	1010
33	17	17219
32	18	8620.33
31	19	7500.726
30	20	-1099.47
29	21	-4056.023
28	22	-11541.045
27	23	-11962.477
26	24	-20696.287
25	25	-25947.821
24	26	-32229
23	27	-33026
22	28	1010
34	17	19324
33	18	11788.49
32	19	9001.87
31	20	137.664
30	21	130.554
29	22	-8579.324
28	23	-10013.29
27	24	-16895.139
26	25	-21826.185
25	26	-30491.187
24	27	-30514
23	28	1010
34	18	13476
33	19	11724.2
32	20	894.487
31	21	1494.039
30	22	-5336.474
29	23	-8063.873
28	24	-15245.915
27	25	-18575.841
26	26	-29061
25	27	-29124
24	28	1010
23	29	1010
35	18	15263
34	19	14511
33	20	3637.77
32	21	3290.112
31	22	-3457.7
30	23	-4503.217
29	24	-12650.359
28	25	-14428.071
27	26	-25028.106
26	27	-27255.803
25	28	-34638
24	29	1010
35	19	15384
34	20	5258.11
33	21	5159.684
32	22	-1818.376
31	23	-2677.529
30	24	-10315.974
29	25	-12681.107
28	26	-21666.557
27	27	-26449.812
26	28	-32940
25	29	1010
24	30	1010
36	19	17414
35	20	7177.16
34	21	7549.231
33	22	153.26
32	23	-281.237
31	24	-7623.438
30	25	-9529.178
29	26	-17542.639
28	27	-22877.654
27	28	-31665.825
26	29	-32291
25	30	1010
37	19	18206
36	20	8007
35	21	8864.89
34	22	1866.98
33	23	914.223
32	24	-5640.84
31	25	-7501.523
30	26	-14648.484
29	27	-18775.889
28	28	-30343
27	29	-31387
26	30	1010
25	31	1010
37	20	9786
36	21	10426.4
35	22	4184.182
34	23	2981.541
33	24	-3684.608
32	25	-4951.031
31	26	-12212.702
30	27	-13509.359
29	28	-25916.967
28	29	-29801
27	30	-36295
26	31	1010
38	20	10717
37	21	10920
36	22	5045.57
35	23	4133.327
34	24	-2419.916
33	25	-3717.693
32	26	-10880.839
31	27	-11834.655
30	28	-20991.219
29	29	-27191.981
28	30	-34720
27	31	1010
26	32	1010
38	21	12739
37	22	6604.17
36	23	5931.395
35	24	-135.25
34	25	-1442.167
33	26	-8888.924
32	27	-10072.281
31	28	-17560.296
30	29	-22130.897
29	30	-31794
28	31	-34330
27	32	1010
39	21	13521
38	22	7432.74
37	23	6578.22
36	24	950.132
35	25	-375.093
34	26	-7254.575
33	27	-8564.917
32	28	-16186.122
31	29	-19200.909
30	30	-28274
29	31	-31545
28	32	1010
27	33	1010
40	21	15188
39	22	8823.21
38	23	7926.13
37	24	2441.533
36	25	1598.932
35	26	-5342.091
34	27	-6496.411
33	28	-13948.088
32	29	-15881.424
31	30	-24636.149
30	31	-27596
29	32	-36100
28	33	1010
40	22	9870
39	23	8907.81
38	24	2776
37	25	2368.13
36	26	-4051.744
35	27	-5273.821
34	28	-12833.346
33	29	-14509.595
32	30	-22104.286
31	31	-26329
30	32	-32383
29	33	1010
41	22	11583
40	23	10831.53
39	24	4687.939
38	25	3919.678
37	26	-2283.112
36	27	-3176.458
35	28	-10796.673
34	29	-12483.107
33	30	-18297.979
32	31	-22719.876
31	32	-30410
30	33	1010
41	23	11481
40	24	5356.7
39	25	4575.27
38	26	-1189.867
37	27	-2350.879
36	28	-9590.495
35	29	-11282.304
34	30	-17528.019
33	31	-19982.855
32	32	-28760
31	33	1010
30	34	1010
42	23	13744
41	24	6935.38
40	25	5930.884
39	26	499.076
38	27	-158.036
37	28	-7772.465
36	29	-9330.989
35	30	-15150.36
34	31	-16413.152
33	32	-24897.165
32	33	-28079
31	34	1010
43	23	14303
42	24	8360.63
41	25	6399.793
40	26	1046.044
39	27	645.391
38	28	-6814.145
37	29	-8417.587
36	30	-14313.05
35	31	-15317.16
34	32	-22741.296
33	33	-26935
32	34	1010
43	24	10198
42	25	8685.99
41	26	2268.685
40	27	2613.194
39	28	-5555.931
38	29	-6491.032
37	30	-12227.321
36	31	-13343.182
35	32	-18704.25
34	33	-23290.936
33	34	1010
32	35	1010
44	24	10363
43	25	9698.86
42	26	3425.113
41	27	3747.643
40	28	-4216.35
39	29	-5758.288
38	30	-11199.27
37	31	-12499.057
36	32	-18462.881
35	33	-20385.547
34	34	-29332
33	35	1010
44	25	11218
43	26	4795.32
42	27	5223.413
41	28	-2482.936
40	29	-3800.683
39	30	-9403.17
38	31	-10420.326
37	32	-16277.45
36	33	-16994.037
35	34	-26064.236
34	35	1010
33	36	1010
45	25	11770
44	26	5788.42
43	27	4987.977
42	28	-1548.968
41	29	-2630.093
40	30	-8308.228
39	31	-9880.796
38	32	-15520.99
37	33	-15978.443
36	34	-23889.742
35	35	-27062
34	36	1010
46	25	13036
45	26	7848.11
44	27	6772.622
43	28	-501.172
42	29	-1217.731
41	30	-6489.958
40	31	-7648.581
39	32	-13635.94
38	33	-14034.48
37	34	-19792.209
36	35	-23625.212
35	36	1010
34	37	1010
46	26	8195
45	27	7550.85
44	28	413.748
43	29	-525.543
42	30	-6077.71
41	31	-6753.115
40	32	-12764.162
39	33	-13154.608
38	34	-19437.079
37	35	-20811.436
36	36	-29708
35	37	1010
47	26	9096
46	27	9258.59
45	28	1603.525
44	29	1086.735
43	30	-5076.468
42	31	-5184.751
41	32	-11139.044
40	33	-11155.891
39	34	-17231.383
38	35	-17778.324
37	36	-26506
36	37	1010
35	38	1010
48	26	9590
47	27	9575
46	28	2459.91
45	29	1515.877
44	30	-4128.695
43	31	-4823.415
42	32	-10541.007
41	33	-10703.983
40	34	-16636.932
39	35	-16807.815
38	36	-24321.849
37	37	-28037
36	38	1010
48	27	11285
47	28	3688.55
46	29	3214.056
45	30	-2580.608
44	31	-3113.455
43	32	-9068.224
42	33	-8892.309
41	34	-14952.553
40	35	-14846.605
39	36	-20478.959
38	37	-24463
37	38	1010
49	27	12077
48	28	4790.04
47	29	3511.611
46	30	-1909.756
45	31	-2510.99
44	32	-8250.017
43	33	-8193.212
42	34	-14216.151
41	35	-14036.761
40	36	-19866.757
39	37	-21931.702
38	38	1010
37	39	1010
49	28	6157
48	29	5719.5
47	30	-563.871
46	31	-850.772
45	32	-6992.803
44	33	-6735.684
43	34	-12381.73
42	35	-12291.983
41	36	-17761.681
40	37	-18654.166
39	38	-27274
38	39	1010
50	28	6311
49	29	6220.406
48	30	437.796
47	31	-564.407
46	32	-6017.053
45	33	-6288.791
44	34	-11862.424
43	35	-11353.998
42	36	-17420.398
41	37	-17203.297
40	38	-24467
39	39	1010
38	40	1010
51	28	8717
50	29	7513.62
49	30	2202.334
48	31	1243.056
47	32	-4780.955
46	33	-4681.474
45	34	-10536.62
44	35	-9959.798
43	36	-15578.172
42	37	-15700.356
41	38	-21021
40	39	-25126
39	40	1010
51	29	8930.37
50	30	2827.745
49	31	2231.609
48	32	-3970.555
47	33	-4368.353
46	34	-9762.743
45	35	-9518.051
44	36	-15161.646
43	37	-14769.897
42	38	-20025.908
41	39	-22158.86
40	40	1010
52	29	11787.63
51	30	4952.691
50	31	3836.033
49	32	-2148.542
48	33	-2845.157
47	34	-8571.306
46	35	-8153.657
45	36	-13590.661
44	37	-13216.498
43	38	-18452.539
42	39	-18266.005
41	40	1010
40	41	1010
53	29	12458
52	30	6949.92
51	31	5289.648
50	32	-953.067
49	33	-1785.401
48	34	-7689.582
47	35	-7873.779
46	36	-13204.975
45	37	-12730.997
44	38	-18369.634
43	39	-17738
42	40	-25067
41	41	1010
53	30	8121.28
52	31	8086.632
51	32	1055.338
50	33	-146.725
49	34	-5914.607
48	35	-6494.4
47	36	-11873.542
46	37	-11131.904
45	38	-16805.961
44	39	-16333.012
43	40	-21781
42	41	1010
41	42	1010
54	30	8776
53	31	8621.69
52	32	3449.582
51	33	1415.691
50	34	-5005.636
49	35	-5864.369
48	36	-11440.025
47	37	-11032.675
46	38	-16516.349
45	39	-16054.283
44	40	-21081
43	41	-22406
42	42	1010
55	30	10372
54	31	10013.69
53	32	4658.824
52	33	4687.262
51	34	-2701.867
50	35	-4207.448
49	36	-9792.69
48	37	-9589.094
47	38	-15281.113
46	39	-14492.908
45	40	-20224.349
44	41	-19848.923
43	42	1010
42	43	1010
55	31	10596
54	32	5357.68
53	33	5380.174
52	34	0.985
51	35	-2223.236
50	36	-9169.655
49	37	-9715.051
48	38	-14752.39
47	39	-14180.486
46	40	-19760.294
45	41	-19694.444
44	42	-26147
43	43	1010
56	31	12110
55	32	6812.92
54	33	6813.938
53	34	1134.812
52	35	1302.675
51	36	-6033.831
50	37	-8145.907
49	38	-13668.15
48	39	-13121.01
47	40	-18284.974
46	41	-17834.371
45	42	-23658.764
44	43	1010
43	44	1010
56	32	7409
55	33	7634.61
54	34	1936.163
53	35	1922.247
52	36	-3164.811
51	37	-5800.283
50	38	-12974.33
49	39	-13023.532
48	40	-17826.342
47	41	-17362.493
46	42	-23067.819
45	43	-23821
44	44	1010
57	32	8919
56	33	9014.49
55	34	3652.252
54	35	3345.702
53	36	-1998.106
52	37	-1862.209
51	38	-9981.319
50	39	-12152.14
49	40	-16771.726
48	41	-16010.17
47	42	-21404.937
46	43	-21067
45	44	1010
44	45	1010
58	32	9506
57	33	9590.86
56	34	4402.731
55	35	4464.172
54	36	-1318.33
53	37	-1227.293
52	38	-6311.086
51	39	-9689.792
50	40	-16219.486
49	41	-15718.606
48	42	-20849.36
47	43	-20689.894
46	44	-26925
45	45	1010
58	33	10832
57	34	5590.69
56	35	5780.641
55	36	319.451
54	37	132.471
53	38	-5228.86
52	39	-5649.639
51	40	-13305.252
50	41	-14537.003
49	42	-19555.339
48	43	-19173.775
47	44	-24352
46	45	1010
45	46	1010
59	33	11285
58	34	6312.17
57	35	6669.845
56	36	904.484
55	37	808.568
54	38	-4586.828
53	39	-4992.214
52	40	-9892.375
51	41	-12316.348
50	42	-18892.895
49	43	-18757.492
48	44	-23577.114
47	45	-24794
46	46	1010
59	34	7446.15
58	35	7727.666
57	36	2565.209
56	37	2176.123
55	38	-3340.179
54	39	-3839.343
53	40	-8740.259
52	41	-8476.475
51	42	-15951.943
50	43	-17375.474
49	44	-22288.943
48	45	-22013
47	46	1010
46	47	1010
60	34	8096
59	35	8464.91
58	36	3200.868
57	37	3451.809
56	38	-2689.406
55	39	-3301.481
54	40	-8129.234
53	41	-7634.204
52	42	-12878.808
51	43	-15011.704
50	44	-21643.108
49	45	-21839.567
48	46	-27905
47	47	1010
61	34	9068
60	35	9505.54
59	36	4332.559
58	37	4880.55
57	38	-840.723
56	39	-2011.732
55	40	-7363.67
54	41	-6443.533
53	42	-11624.848
52	43	-11507.829
51	44	-18620.201
50	45	-20310.881
49	46	-25625
48	47	1010
47	48	1010
61	35	9923.92
60	36	4742.883
59	37	5696.574
58	38	210.148
57	39	-751.353
56	40	-6730.873
55	41	-5967.52
54	42	-10844.842
53	43	-10435.202
52	44	-15809.833
51	45	-17793.121
50	46	-24656.523
49	47	-25953
48	48	1010
62	35	10952.87
61	36	5859.549
60	37	6339.413
59	38	1688.065
58	39	1246.117
57	40	-5412.909
56	41	-4885.779
55	42	-9794.488
54	43	-9211.048
53	44	-14504.15
52	45	-14485.461
51	46	-21365.52
50	47	-23324
49	48	1010
48	49	1010
63	35	10904
62	36	6136.47
61	37	6192.563
60	38	1629.884
59	39	2576.514
58	40	-3755.739
57	41	-4058.123
56	42	-8967.307
55	43	-8383.14
54	44	-13699.783
53	45	-13440.587
52	46	-18566.45
51	47	-20684
50	48	-28518
49	49	1010
63	36	7487.61
62	37	7149.259
61	38	1717.33
60	39	2565.494
59	40	-2165.381
58	41	-2288.265
57	42	-7609.164
56	43	-7173.328
55	44	-12518.044
54	45	-12328.335
53	46	-17186.146
52	47	-17147.37
51	48	-24106
50	49	1010
49	50	1010
64	36	8082
63	37	7893.48
62	38	2754.234
61	39	2219.781
60	40	-2121.498
59	41	-1905.684
58	42	-6934.02
57	43	-6469.334
56	44	-11717.169
55	45	-11478.292
54	46	-16586.066
53	47	-16278.153
52	48	-20889.624
51	49	-24440
50	50	1010
65	36	9347
64	37	8946.84
63	38	3700.02
62	39	3243.657
61	40	-1438.73
60	41	-769.826
59	42	-5567.856
58	43	-5188.53
57	44	-10437.681
56	45	-10254.919
55	46	-15364.013
54	47	-15211.098
53	48	-19595
52	49	-19401.97
51	50	1010
65	37	9783.31
64	38	4637.31
63	39	3926.066
62	40	-777.093
61	41	-865.518
60	42	-5300.723
59	43	-4687.329
58	44	-9763.393
57	45	-9421.092
56	46	-14667.942
55	47	-14481.4
54	48	-19116.789
53	49	-18459.44
52	50	1010
66	37	10679
65	38	5679.28
64	39	5064.681
63	40	417.833
62	41	474.043
61	42	-4467.514
60	43	-3570.302
59	44	-8554.525
58	45	-8168.37
57	46	-13309.812
56	47	-13212.075
55	48	-18029.57
54	49	-17767.09
53	50	1010
52	51	1010
66	38	6281
65	39	5685.9
64	40	1223.552
63	41	1070.282
62	42	-3825.338
61	43	-3314.861
60	44	-8137.002
59	45	-7541.976
58	46	-12666.003
57	47	-12535.647
56	48	-17410.041
55	49	-17284.463
54	50	-23519.496
53	51	1010
67	38	7382
66	39	6836.95
65	40	2282.9
64	41	2372.683
63	42	-2907.369
62	43	-2270.531
61	44	-7048.145
60	45	-6526.892
59	46	-11372.75
58	47	-11173.911
57	48	-16222.486
56	49	-16084.846
55	50	-22238.756
54	51	1010
53	52	1010
68	38	7961
67	39	7347
66	40	2932.91
65	41	3072.236
64	42	-1919.185
63	43	-1914.19
62	44	-6543.155
61	45	-6015.344
60	46	-10907.892
59	47	-10679.737
58	48	-15562.763
57	49	-15341.342
56	50	-21408.909
55	51	-21733.103
54	52	1010
69	38	9082
68	39	8472
67	40	3859.27
66	41	4349.398
65	42	-853.846
64	43	-496.832
63	44	-5570.025
62	45	-5027.768
61	46	-9501.572
60	47	-9345.897
59	48	-14453.55
58	49	-14281.881
57	50	-20110.255
56	51	-20505.853
55	52	1010
54	53	1010
69	39	8900
68	40	4295.82
67	41	4940.623
66	42	-85.763
65	43	-131.567
64	44	-4866.778
63	45	-4730.72
62	46	-9189.083
61	47	-8687.757
60	48	-13759.62
59	49	-13679.028
58	50	-19488.033
57	51	-19980.319
56	52	-24279.142
55	53	1010
70	39	10081
69	40	5281.72
68	41	6071.104
67	42	1176.96
66	43	1307.276
65	44	-3775.746
64	45	-3546.884
63	46	-8071.259
62	47	-7538.651
61	48	-12455.742
60	49	-12489.308
59	50	-18256.9
58	51	-18540.704
57	52	-23140.177
56	53	1010
55	54	1010
70	40	5663
69	41	6465.04
68	42	1660.298
67	43	1632.595
66	44	-3141.968
65	45	-3293.661
64	46	-7682.956
63	47	-7024.716
62	48	-11932.15
61	49	-11911.171
60	50	-17662.25
59	51	-17805.66
58	52	-22627.958
57	53	-22365.869
56	54	1010
71	40	6505
70	41	7602.12
69	42	3023.451
68	43	2976.719
67	44	-2025.526
66	45	-2044.448
65	46	-6600.071
64	47	-5938.83
63	48	-10853.628
62	49	-10620.233
61	50	-16561.103
60	51	-16678.229
59	52	-21194.619
58	53	-21106.541
57	54	1010
72	40	6993
71	41	7592
70	42	3487.16
69	43	3456.816
68	44	-1395.366
67	45	-1817.695
66	46	-6176.872
65	47	-5401.952
64	48	-10256.224
63	49	-10122.871
62	50	-15890.576
61	51	-16082.807
60	52	-20685.018
59	53	-20742.108
58	54	1010
57	55	1010
72	41	8881
71	42	4414.2
70	43	4745.853
69	44	-208.787
68	45	-517.235
67	46	-5078.902
66	47	-4522.298
65	48	-9123.499
64	49	-8781.151
63	50	-14800.594
62	51	-14920.887
61	52	-19355.013
60	53	-19164.404
59	54	-23987.673
58	55	1010
73	41	9311
72	42	4934
71	43	5031.01
70	44	474.409
69	45	-193.437
68	46	-4535.685
67	47	-3958.867
66	48	-8720.335
65	49	-8311.471
64	50	-14211.581
63	51	-14219.935
62	52	-18840
61	53	-18663.57
60	54	-23393.289
59	55	1010
58	56	1010
74	41	10382
73	42	5947
72	43	6242.87
71	44	1338.269
70	45	1190.557
69	46	-3567.102
68	47	-3039.132
67	48	-7587.305
66	49	-7050.32
65	50	-13609.51
64	51	-13186.154
63	52	-17337.962
62	53	-17323.229
61	54	-22046
60	55	-21811
59	56	1010
74	42	6337
73	43	6776.61
72	44	2089.048
71	45	1616.244
70	46	-2920.506
69	47	-2529.577
68	48	-7247.53
67	49	-6287.231
66	50	-12593.911
65	51	-12830.213
64	52	-17002.485
63	53	-16906.802
62	54	-21418
61	55	-21109
60	56	1010
59	57	1010
75	42	7215
74	43	7615.92
73	44	3148.037
72	45	2862.945
71	46	-1953.344
70	47	-1540.816
69	48	-6240.032
68	49	-5488.39
67	50	-11647.448
66	51	-11441.919
65	52	-15674.506
64	53	-15460.673
63	54	-20194.245
62	55	-19867.404
61	56	-24990
60	57	1010
75	43	7658
74	44	3567.59
73	45	3465.686
72	46	-1278.152
71	47	-1206.641
70	48	-5829.96
69	49	-4901.785
68	50	-11084.64
67	51	-10972.136
66	52	-15332.022
65	53	-14857.031
64	54	-19657.279
63	55	-18859
62	56	-23838
61	57	1010
76	43	8816
75	44	4252.57
74	45	4494.77
73	46	74.348
72	47	-15.364
71	48	-4820.186
70	49	-4117.927
69	50	-10140.136
68	51	-9848.75
67	52	-14281.487
66	53	-13757.787
65	54	-18456.361
64	55	-18021.965
63	56	-23041
62	57	1010
61	58	1010
77	43	8975
76	44	4740
75	45	4522.6
74	46	294.243
73	47	254.303
72	48	-4329.173
71	49	-3734.84
70	50	-9695.688
69	51	-9308.086
68	52	-13673.97
67	53	-13030.093
66	54	-17938.685
65	55	-17369.87
64	56	-21992
63	57	-21709
62	58	1010
77	44	5696
76	45	5778.56
75	46	1397.853
74	47	1483.215
73	48	-3416.552
72	49	-2808.907
71	50	-8850.821
70	51	-8301.706
69	52	-12862.399
68	53	-12150.535
67	54	-16663.664
66	55	-16285.015
65	56	-21128
64	57	-20544
63	58	1010
62	59	1010
78	44	5948
77	45	5937.85
76	46	1715.349
75	47	1896.405
74	48	-2847.509
73	49	-2446.789
72	50	-8414.291
71	51	-7860.674
70	52	-12134.12
69	53	-11670.774
68	54	-16323.958
67	55	-15471.235
66	56	-20410
65	57	-19845
64	58	-24326
63	59	1010
79	44	6740
78	45	7036
77	46	2617.71
76	47	2992.983
75	48	-1912.546
74	49	-1560.224
73	50	-7554.085
72	51	-6981.699
71	52	-11163.015
70	53	-10660.047
69	54	-15175.248
68	55	-14506.023
67	56	-19183
66	57	-18849
65	58	-23413
64	59	1010
80	44	7018
79	45	7178
78	46	2922.63
77	47	3142.728
76	48	-1342.534
75	49	-1125.14
74	50	-7080.733
73	51	-6520.181
72	52	-10652.907
71	53	-10188.343
70	54	-14688.728
69	55	-14147.7
68	56	-18510.165
67	57	-18044
66	58	-22649
65	59	1010
64	60	1010
80	45	8276
79	46	3906.58
78	47	4400.117
77	48	-549.194
76	49	-313.921
75	50	-6346.734
74	51	-5802.27
73	52	-9728.56
72	53	-9247.453
71	54	-13532.992
70	55	-13069.385
69	56	-17481.671
68	57	-16915
67	58	-21578
66	59	-21578
65	60	1010
81	45	8388
80	46	4144
79	47	4496.98
78	48	148.717
77	49	52.177
76	50	-5830.35
75	51	-5441.647
74	52	-9299.457
73	53	-8789.606
72	54	-13129.042
71	55	-12752.803
70	56	-16981.734
69	57	-16386.91
68	58	-20860
67	59	-20796
66	60	1010
65	61	1010
81	46	5268
80	47	5603.97
79	48	1211.095
78	49	1045.671
77	50	-5149.263
76	51	-4705.467
75	52	-8441.674
74	53	-7909.649
73	54	-12042.406
72	55	-11641.567
71	56	-15915.796
70	57	-15146.872
69	58	-19727
68	59	-19622
67	60	-24409
66	61	1010
82	46	5640
81	47	5517.31
80	48	1585.09
79	49	1253.961
78	50	-4733.858
77	51	-4419.957
76	52	-8081.166
75	53	-7488.482
74	54	-11691.443
73	55	-11184.937
72	56	-15554.117
71	57	-14717.413
70	58	-19062.161
69	59	-18867
68	60	-23600
67	61	1010
66	62	1010
82	47	6960
81	48	2565.74
80	49	2452.81
79	50	-4048.116
78	51	-3706.91
77	52	-7337.445
76	53	-6718.185
75	54	-10835.815
74	55	-10191.664
73	56	-14509.175
72	57	-13862.017
71	58	-18028.058
70	59	-17531
69	60	-22601
68	61	-22221
67	62	1010
83	47	9518
82	48	3232.71
81	49	2651.92
80	50	-3574.844
79	51	-3352.749
78	52	-6917.122
77	53	-6311.413
76	54	-10452.529
75	55	-9907.768
74	56	-14008.439
73	57	-13411.191
72	58	-17720.668
71	59	-16932.225
70	60	-21786
69	61	-21327
68	62	1010
67	63	1010
83	48	6481.96
82	49	4035.966
81	50	-3057.182
80	51	-2700.276
79	52	-6346.176
78	53	-5633.642
77	54	-9585.202
76	55	-8868.458
75	56	-13127.876
74	57	-12417.666
73	58	-16604.304
72	59	-15775.743
71	60	-20443
70	61	-20488
69	62	-24381
68	63	1010
84	48	9690.35
83	49	6791.9
82	50	-2633.32
81	51	-2495.877
80	52	-5816.715
79	53	-5361.177
78	54	-9291.405
77	55	-8543.648
76	56	-12737.048
75	57	-12086.509
74	58	-16241.619
73	59	-15516.766
72	60	-19574
71	61	-19566
70	62	-23881
69	63	1010
85	48	10418
84	49	11008.39
83	50	690.05
82	51	-1805.637
81	52	-5299.889
80	53	-4678.93
79	54	-8558.64
78	55	-7707.263
77	56	-11901.276
76	57	-11094.738
75	58	-15276.044
74	59	-14583.088
73	60	-18775.726
72	61	-18400
71	62	-23078
70	63	1010
69	64	1010
85	49	11142.66
84	50	4418.961
83	51	840.205
82	52	-4720.743
81	53	-4486.849
80	54	-8124.689
79	55	-7408.879
78	56	-11526.985
77	57	-10871.75
76	58	-14966.628
75	59	-14266.939
74	60	-18310.101
73	61	-17579
72	62	-22211
71	63	-21979
70	64	1010
86	49	11832.67
85	50	5316.982
84	51	4775.054
83	52	-1740.07
82	53	-3735.973
81	54	-7596.932
80	55	-6703.072
79	56	-10703.385
78	57	-9881.932
77	58	-14159.686
76	59	-13360.742
75	60	-17546.174
74	61	-16721.709
73	62	-21000
72	63	-20916
71	64	1010
70	65	1010
86	50	5719.51
85	51	5146.746
84	52	1291.834
83	53	-1200.026
82	54	-6918.658
81	55	-6559.516
80	56	-10314.95
79	57	-9492.44
78	58	-13644.043
77	59	-13198.13
76	60	-17243.676
75	61	-16394.601
74	62	-20734
73	63	-20023
72	64	-24336
71	65	1010
87	50	6650.35
86	51	6324.351
85	52	2169.939
84	53	2001.586
83	54	-4115.802
82	55	-5730.001
81	56	-9755.288
80	57	-8703.63
79	58	-12649.699
78	59	-12073.869
77	60	-16475.379
76	61	-15333.273
75	62	-19854
74	63	-19100
73	64	-23226
72	65	1010
88	50	7098
87	51	6693.71
86	52	2588.734
85	53	2332.189
84	54	-1497.723
83	55	-3236.912
82	56	-9192.27
81	57	-8674.409
80	58	-12438.22
79	59	-11618.487
78	60	-16016.777
77	61	-14985.271
76	62	-19450.093
75	63	-18608
74	64	-22761
73	65	1010
72	66	1010
88	51	7836.81
87	52	3703.507
86	53	3441.888
85	54	-828.845
84	55	-510.601
83	56	-6463.394
82	57	-7731.162
81	58	-11889.78
80	59	-10874.146
79	60	-15145.479
78	61	-14074.16
77	62	-18701.867
76	63	-17813
75	64	-22034
74	65	-21271
73	66	1010
89	51	8195.03
88	52	4030.989
87	53	3977.371
86	54	-356.631
85	55	-207.674
84	56	-4112.961
83	57	-5439.357
82	58	-11329.36
81	59	-10747.846
80	60	-14824.48
79	61	-13899.668
78	62	-18129.21
77	63	-17425.663
76	64	-21723
75	65	-20912
74	66	1010
73	67	1010
89	52	5037
88	53	5010.84
87	54	781.717
86	55	721.766
85	56	-3485.853
84	57	-2926.747
83	58	-8816.14
82	59	-9833.964
81	60	-14056.148
80	61	-13138.304
79	62	-17019.246
78	63	-16214.666
77	64	-20813.267
76	65	-19782
75	66	-24195
74	67	1010
90	52	5463
89	53	5355.994
88	54	1176.192
87	55	1143.634
86	56	-2979.444
85	57	-2659.139
84	58	-6587.63
83	59	-7666.165
82	60	-13498.287
81	61	-13279.513
80	62	-17132.3
79	63	-16160.701
78	64	-20490
77	65	-19248
76	66	-23826
75	67	1010
74	68	1010
91	52	6421
90	53	6531.45
89	54	2243.643
88	55	2097.747
87	56	-1984.562
86	57	-1710.016
85	58	-5889.284
84	59	-5189.462
83	60	-10931.394
82	61	-12045.182
81	62	-16274.413
80	63	-15353.1
79	64	-19743.107
78	65	-18371.242
77	66	-22990
76	67	-22267
75	68	1010
91	53	6851.26
90	54	2730.055
89	55	2595.243
88	56	-1666.968
87	57	-1314.753
86	58	-5435.054
85	59	-4819.59
84	60	-8858.693
83	61	-9970.544
82	62	-15795.469
81	63	-15459.116
80	64	-19411.643
79	65	-18270.559
78	66	-22593.569
77	67	-21588
76	68	1010
75	69	1010
92	53	7861.65
91	54	3705.859
90	55	3639.958
89	56	-737.841
88	57	-474.861
87	58	-4387.849
86	59	-3949.287
85	60	-8087.225
84	61	-7373.193
83	62	-13103.446
82	63	-14303.356
81	64	-18627.178
80	65	-17803.161
79	66	-21704.403
78	67	-20584
77	68	-25056
76	69	1010
92	54	4029.551
91	55	3875.91
90	56	-176.303
89	57	-51.205
88	58	-4080.56
87	59	-3320.205
86	60	-7729.745
85	61	-6874.29
84	62	-11075.976
83	63	-12264.698
82	64	-17854.923
81	65	-17592.132
80	66	-21506.128
79	67	-20233.206
78	68	-24811
77	69	1010
93	54	4891.43
92	55	4850.784
91	56	711.481
90	57	885.362
89	58	-3404.471
88	59	-2589.58
87	60	-6763.747
86	61	-6117.046
85	62	-10219.909
84	63	-9530.184
83	64	-15664.486
82	65	-16258.912
81	66	-21029.135
80	67	-19506.396
79	68	-23787.406
78	69	1010
94	54	4945.41
93	55	4896.235
92	56	1013.34
91	57	1233.825
90	58	-3025.69
89	59	-2460.051
88	60	-6437.195
87	61	-5670.378
86	62	-9862.987
85	63	-9014.117
84	64	-13598.131
83	65	-14406.564
82	66	-20167.439
81	67	-19454.669
80	68	-23575.902
79	69	1010
78	70	1010
94	55	5761
93	56	1616.5
92	57	2107.15
91	58	-2205.868
90	59	-1702.877
89	60	-5581.52
88	61	-4798.932
87	62	-8907.036
86	63	-8242.477
85	64	-12666.787
84	65	-11706.96
83	66	-17779.57
82	67	-18254.763
81	68	-23048
80	69	-21755
79	70	1010
95	55	6134
94	56	1894
93	57	2215.75
92	58	-1878.799
91	59	-1996.438
90	60	-5686.716
89	61	-4532.68
88	62	-8681.302
87	63	-7736.39
86	64	-12346.063
85	65	-11477.561
84	66	-15718.305
83	67	-16275.537
82	68	-22020
81	69	-21363
80	70	1010
79	71	1010
96	55	7326
95	56	2920
94	57	3046.48
93	58	-995.97
92	59	-1171.707
91	60	-5417.164
90	61	-4406.24
89	62	-7855.094
88	63	-6959.691
87	64	-11153.628
86	65	-10384.832
85	66	-14877.603
84	67	-13862.618
83	68	-19846.567
82	69	-20210.411
81	70	-24974
80	71	1010
96	56	3563
95	57	3617
94	58	-348.91
93	59	-887.064
92	60	-4834.676
91	61	-4749.254
90	62	-8181.307
89	63	-6770.731
88	64	-11154.66
87	65	-10035.496
86	66	-14566.679
85	67	-13404.07
84	68	-17787.532
83	69	-18299.582
82	70	-24284
81	71	1010
97	56	4541
96	57	4746
95	58	663.29
94	59	508.973
93	60	-4148.058
92	61	-3956.941
91	62	-7742.994
90	63	-6731.359
89	64	-10236.957
88	65	-9266.318
87	66	-13614.862
86	67	-12589.672
85	68	-16772.922
84	69	-15740
83	70	-21857
82	71	1010
81	72	1010
97	57	5193
96	58	1146.74
95	59	1064.55
94	60	-3108.12
93	61	-4003.59
92	62	-7159.515
91	63	-6926.574
90	64	-10463.711
89	65	-9084.423
88	66	-13452.697
87	67	-12238.45
86	68	-16686.944
85	69	-15290.038
84	70	-19580
83	71	-20484
82	72	1010
98	57	6096
97	58	2197.83
96	59	2197.835
95	60	-1863.694
94	61	-2556.698
93	62	-6524.304
92	63	-6183.136
91	64	-9984.884
90	65	-8927.11
89	66	-12586.963
88	67	-11505.545
87	68	-15853.131
86	69	-14765.029
85	70	-18858.6
84	71	-17888
83	72	1010
82	73	1010
98	58	2473
97	59	2644.76
96	60	-1605.03
95	61	-2044.764
94	62	-5616.868
93	63	-6087.216
92	64	-9356.134
91	65	-9006.452
90	66	-12560.5
89	67	-11340.671
88	68	-15655.861
87	69	-14397.613
86	70	-18779.677
85	71	-17458.648
84	72	-21948
83	73	1010
99	58	3488
98	59	3861.78
97	60	-369.22
96	61	-1005.627
95	62	-4663.726
94	63	-4995.336
93	64	-8804.044
92	65	-8305.755
91	66	-12016.612
90	67	-10691.504
89	68	-14631.753
88	69	-13549.041
87	70	-17746.903
86	71	-16660
85	72	-20921
84	73	1010
83	74	1010
99	59	4061
98	60	171.52
97	61	-482.947
96	62	-3863.234
95	63	-4503.663
94	64	-7997.432
93	65	-8117.621
92	66	-11646.905
91	67	-10868.305
90	68	-14638.955
89	69	-13349.001
88	70	-17624.832
87	71	-16380.789
86	72	-20530
85	73	-19527
84	74	1010
100	59	4895
99	60	1210.61
98	61	624.644
97	62	-3023.901
96	63	-3425.29
95	64	-7162.162
94	65	-7196.797
93	66	-11051.18
92	67	-10096.17
91	68	-13928.285
90	69	-12631.489
89	70	-16697.775
88	71	-15677.406
87	72	-19757.491
86	73	-18821
85	74	1010
84	75	1010
100	60	1349
99	61	1134.67
98	62	-2263.229
97	63	-2990.975
96	64	-6480.604
95	65	-6740.589
94	66	-10414.08
93	67	-9892.576
92	68	-13565.15
91	69	-12534.587
90	70	-16527.614
89	71	-15488.495
88	72	-19558.318
87	73	-18458.24
86	74	-22710
85	75	1010
101	60	2343
100	61	1927.52
99	62	-1262.816
98	63	-1921.892
97	64	-5740.797
96	65	-5860.718
95	66	-9744.387
94	67	-9203.621
93	68	-12969.587
92	69	-11805.12
91	70	-15640.504
90	71	-14702.394
89	72	-18512.564
88	73	-17396
87	74	-21696
86	75	1010
85	76	1010
101	61	2231
100	62	-809.41
99	63	-1260.9
98	64	-4890.081
97	65	-5691.469
96	66	-9054.954
95	67	-8911.825
94	68	-12505.818
93	69	-11708.67
92	70	-15335.479
91	71	-14587.671
90	72	-18538.917
89	73	-17295.975
88	74	-21181
87	75	-20353
86	76	1010
102	61	3209
101	62	-96.59
100	63	-430.59
99	64	-3710.535
98	65	-4485.918
97	66	-8410.375
96	67	-8115.409
95	68	-11761.41
94	69	-10972.387
93	70	-14538.812
92	71	-13693.665
91	72	-17554.986
90	73	-16605.697
89	74	-20477.909
88	75	-19576
87	76	1010
102	62	466
101	63	-91
100	64	-3250.21
99	65	-3768.12
98	66	-7660.673
97	67	-7885.511
96	68	-11285.322
95	69	-10675.789
94	70	-14297.486
93	71	-13449.716
92	72	-17354.834
91	73	-16445.763
90	74	-20291.754
89	75	-19209.331
88	76	1010
87	77	1010
103	62	1455
102	63	1017
101	64	-2480
100	65	-2669.96
99	66	-6701.848
98	67	-7028.001
97	68	-10687.991
96	69	-9982.548
95	70	-13724.33
94	71	-12695.334
93	72	-16424.026
92	73	-15691.036
91	74	-19409.541
90	75	-18243
89	76	-22330
88	77	1010
103	63	1486
102	64	-2035
101	65	-2343.5
100	66	-5756.528
99	67	-6621.516
98	68	-10068.077
97	69	-9663.838
96	70	-13224.354
95	71	-12456.788
94	72	-16082.698
93	73	-15307.897
92	74	-19315.799
91	75	-18169.795
90	76	-21865
89	77	1010
88	78	1010
104	63	2575
103	64	-1001
102	65	-1414.87
101	66	-4931.76
100	67	-5426.783
99	68	-9474.132
98	69	-9020.093
97	70	-12641.236
96	71	-11713.459
95	72	-15441.297
94	73	-14534.218
93	74	-18277
92	75	-17477.67
91	76	-21219.435
90	77	-20357
89	78	1010
104	64	-508
103	65	-863.26
102	66	-4350.26
101	67	-4841.31
100	68	-8517.971
99	69	-8793.769
98	70	-12151.631
97	71	-11670.947
96	72	-15080.814
95	73	-14365.945
94	74	-18121.968
93	75	-17364.048
92	76	-20980.485
91	77	-19982.765
90	78	1010
105	64	499
104	65	160.07
103	66	-3608.2
102	67	-3878.196
101	68	-7680.611
100	69	-7765.52
99	70	-11381.03
98	71	-10794.861
97	72	-14394.299
96	73	-13468.893
95	74	-17194.152
94	75	-16493.594
93	76	-20077.405
92	77	-19091
91	78	1010
90	79	1010
105	65	803
104	66	-2936.82
103	67	-3387.77
102	68	-6904.768
101	69	-7490.517
100	70	-10751.945
99	71	-10661.459
98	72	-14034.74
97	73	-13291.263
96	74	-16952.628
95	75	-16266.142
94	76	-19920
93	77	-18918
92	78	-22588
91	79	1010
106	65	1560
105	66	-2021.61
104	67	-2481.61
103	68	-5994.414
102	69	-6518.059
101	70	-10072.309
100	71	-9647.444
99	72	-13365.002
98	73	-12501.123
97	74	-16239.65
96	75	-15395.144
95	76	-19015.292
94	77	-18183.706
93	78	-21789.288
92	79	1010
91	80	1010
106	66	-1562
105	67	-1835.99
104	68	-5343.917
103	69	-6138.179
102	70	-9497.513
101	71	-9378.11
100	72	-12753.268
99	73	-12315.201
98	74	-15918.222
97	75	-15294.405
96	76	-18898.01
95	77	-17980.749
94	78	-21601.149
93	79	-20727.262
92	80	1010
107	66	-526
106	67	-937
105	68	-4350.87
104	69	-5069.581
103	70	-8885.414
102	71	-8551.682
101	72	-12153.126
100	73	-11370.665
99	74	-15272.388
98	75	-14381.552
97	76	-18130.118
96	77	-17242.145
95	78	-20645.764
94	79	-19779
93	80	1010
107	67	-107
106	68	-3766.42
105	69	-4384.63
104	70	-8134.281
103	71	-8231.667
102	72	-11521.443
101	73	-11084.698
100	74	-14744.542
99	75	-14306.241
98	76	-17798.098
97	77	-16996.901
96	78	-20573
95	79	-19597
94	80	1010
108	67	675
107	68	-2857.36
106	69	-3437.36
105	70	-7195.762
104	71	-7392.212
103	72	-10814.394
102	73	-10252.872
101	74	-14031.018
100	75	-13364.535
99	76	-17307.76
98	77	-16147.313
97	78	-19535.7
96	79	-18840.357
95	80	1010
108	68	-2390.43
107	69	-2744.43
106	70	-6393.456
105	71	-6971.697
104	72	-10241.108
103	73	-9803.901
102	74	-13424.618
101	75	-13029.025
100	76	-16774.816
99	77	-16230.585
98	78	-19589.566
97	79	-18495.024
96	80	1010
95	81	1010
109	68	-1560
108	69	-2050.4
107	70	-5671.876
106	71	-5878.681
105	72	-9588.98
104	73	-9146.755
103	74	-12710.155
102	75	-12242.543
101	76	-16161.116
100	77	-15185.004
99	78	-19045.149
98	79	-17843.083
97	80	-21435.193
96	81	1010
109	69	-1202.4
108	70	-5379.377
107	71	-5528.054
106	72	-8792
105	73	-8969.97
104	74	-12211.526
103	75	-11775.527
102	76	-15567.862
101	77	-14952.761
100	78	-18523.531
99	79	-17614.848
98	80	-21063
97	81	1010
96	82	1010
110	69	22
109	70	-4269.45
108	71	-4694.555
107	72	-7935.578
106	73	-8021.718
105	74	-11715.282
104	75	-11112.177
103	76	-14838.729
102	77	-14153.362
101	78	-18013.126
100	79	-16743.633
99	80	-20201.674
98	81	-19920.426
97	82	1010
110	70	-3610.19
109	71	-4284.76
108	72	-7493.341
107	73	-7710.098
106	74	-11125.057
105	75	-10889.379
104	76	-14353.954
103	77	-13780.914
102	78	-17518.251
101	79	-16741.603
100	80	-20041.349
99	81	-19383.929
98	82	1010
111	70	-2480.93
110	71	-3086.932
109	72	-6540.398
108	73	-6874.385
107	74	-10487.416
106	75	-10230.345
105	76	-13643.75
104	77	-13107.438
103	78	-16851.397
102	79	-15692.136
101	80	-19470.156
100	81	-18940.276
99	82	1010
111	71	-2546
110	72	-5681.65
109	73	-6251.115
108	74	-9798.05
107	75	-9969.071
106	76	-13208.755
105	77	-12748.615
104	78	-16368.345
103	79	-15710.961
102	80	-18849.291
101	81	-18262.003
100	82	1010
112	71	-1735.468
111	72	-4924.18
110	73	-5119.71
109	74	-8990.81
108	75	-9273.459
107	76	-12683.682
106	77	-12106.414
105	78	-15542.898
104	79	-14683.729
103	80	-18567.738
102	81	-17833.031
101	82	1010
113	71	-1197.76
112	72	-4276.76
111	73	-4545.66
110	74	-7967.659
109	75	-8631.995
108	76	-12124.652
107	77	-11909.819
106	78	-15221.022
105	79	-14585.492
104	80	-17832.728
103	81	-17373.448
102	82	1010
101	83	1010
114	71	-457.56
113	72	-3549.564
112	73	-3760.21
111	74	-7236.542
110	75	-7637.291
109	76	-11270.309
108	77	-11068.044
107	78	-14440.749
106	79	-13589.45
105	80	-17373.649
104	81	-16777.665
103	82	-20800
102	83	1010
114	72	-3099.085
113	73	-3291.18
112	74	-6759.506
111	75	-7192.119
110	76	-10738.14
109	77	-10557.945
108	78	-14068.982
107	79	-13610.623
106	80	-16852.307
105	81	-16416.723
104	82	-20517.509
103	83	1010
102	84	1010
115	72	-2277.72
114	73	-2460.711
113	74	-6046.949
112	75	-6287.483
111	76	-10117.558
110	77	-9756.213
109	78	-13041.512
108	79	-12560.299
107	80	-16302.387
106	81	-15832.507
105	82	-19931.829
104	83	-18546.95
103	84	1010
116	72	-2050.14
115	73	-1777.063
114	74	-5522.65
113	75	-5869.186
112	76	-9661.218
111	77	-9737.646
110	78	-12872.483
109	79	-12230.474
108	80	-15839.479
107	81	-15420.815
106	82	-19502.959
105	83	-18088.703
104	84	1010
117	72	-1621
116	73	-1230.98
115	74	-4669.978
114	75	-4912.766
113	76	-8708.399
112	77	-8699.018
111	78	-12279.911
110	79	-11442.02
109	80	-15361.154
108	81	-14858.506
107	82	-18764.818
106	83	-17591.736
105	84	1010
117	73	-966.68
116	74	-4471.493
115	75	-4717.85
114	76	-8324.05
113	77	-8341.514
112	78	-11814.6
111	79	-11328.318
110	80	-14839
109	81	-14572.64
108	82	-18422.999
107	83	-17248.277
106	84	1010
118	73	-182.6
117	74	-3612.499
116	75	-3713.934
115	76	-7712.553
114	77	-7456.914
113	78	-10889.535
112	79	-10512.29
111	80	-14285.059
110	81	-13937.683
109	82	-17708.149
108	83	-16747.267
107	84	-8932.513
106	85	1010
119	73	-52
118	74	-3369.09
117	75	-3263.28
116	76	-7244.43
115	77	-7207.511
114	78	-10552.351
113	79	-10254.244
112	80	-13799.533
111	81	-13707.792
110	82	-17397.01
109	83	-16538.042
108	84	-20005.6
107	85	1010
119	74	-2768.86
118	75	-2422.74
117	76	-6629.715
116	77	-6317.458
115	78	-9777.171
114	79	-9466.181
113	80	-13261.917
112	81	-12983.092
111	82	-16730.318
110	83	-15873.615
109	84	-19366.637
108	85	1010
107	86	1010
120	74	-2362
119	75	-1912.46
118	76	-5970.19
117	77	-6123.418
116	78	-9427.949
115	79	-9221.62
114	80	-12778.054
113	81	-12814.318
112	82	-16406
111	83	-15748.37
110	84	-19008.284
109	85	-17825.774
108	86	1010
120	75	-1212.72
119	76	-5049.119
118	77	-5003.092
117	78	-8654.464
116	79	-8456.851
115	80	-12133.439
114	81	-12018.973
113	82	-15748.571
112	83	-15092.289
111	84	-18420.779
110	85	-17270.603
109	86	1010
121	75	-1101.52
120	76	-4655.774
119	77	-4712.914
118	78	-8148.757
117	79	-8211.634
116	80	-11742.994
115	81	-11854.793
114	82	-15406.408
113	83	-15019.355
112	84	-18078.026
111	85	-17034.199
110	86	1010
122	75	-294
121	76	-3942.22
120	77	-3690.195
119	78	-7353.339
118	79	-7385.529
117	80	-11115.761
116	81	-11050.556
115	82	-14810.996
114	83	-14275.814
113	84	-17516.758
112	85	-16386.585
111	86	1010
123	75	97
122	76	-3643
121	77	-3470.05
120	78	-6836.034
119	79	-7112.278
118	80	-10686.29
117	81	-10817.458
116	82	-14434.373
115	83	-14082.733
114	84	-17200
113	85	-16268.74
112	86	1010
123	76	-2734
122	77	-2565.833
121	78	-5879.69
120	79	-6211.422
119	80	-10122.856
118	81	-10080.618
117	82	-13933.509
116	83	-13395.853
115	84	-16563.551
114	85	-15664.394
113	86	1010
112	87	1010
124	76	-2450
123	77	-2291.8
122	78	-5577.218
121	79	-5765.114
120	80	-9515.51
119	81	-9887.189
118	82	-13524.397
117	83	-13228.007
116	84	-16202.197
115	85	-15559.453
114	86	-18846.99
113	87	1010
125	76	-1700
124	77	-1367.35
123	78	-4572.02
122	79	-4968.606
121	80	-8686.493
120	81	-8999.715
119	82	-12960.04
118	83	-12531.655
117	84	-15608.226
116	85	-14846.336
115	86	-18278.621
114	87	1010
113	88	1010
126	76	-1262
125	77	-1106.56
124	78	-4362.556
123	79	-4761.573
122	80	-8237.878
121	81	-8798.328
120	82	-12596.876
119	83	-12287.208
118	84	-15206.081
117	85	-14589.64
116	86	-17947
115	87	-16820
114	88	1010
126	77	-69
125	78	-3344.82
124	79	-3869.305
123	80	-7353.694
122	81	-7891.94
121	82	-12116.549
120	83	-11671.427
119	84	-14791.274
118	85	-13959.557
117	86	-17322.563
116	87	-16286.172
115	88	1010
127	77	1867
126	78	-2850
125	79	-3452.73
124	80	-7000.668
123	81	-7630.93
122	82	-11656.445
121	83	-11406.134
120	84	-14249.589
119	85	-13787.466
118	86	-16930.575
117	87	-16130.805
116	88	1010
127	78	-388
126	79	-2150.59
125	80	-6013.169
124	81	-6782.292
123	82	-11195.459
122	83	-10794.671
121	84	-13705.096
120	85	-13058.591
119	86	-16392.558
118	87	-15428.265
117	88	1010
128	78	1067
127	79	1.95
126	80	-5196.167
125	81	-6554.441
124	82	-10792.226
123	83	-10589.867
122	84	-13289.424
121	85	-12786.45
120	86	-15876.896
119	87	-15152.639
118	88	1010
117	89	1010
128	79	2068.44
127	80	-2305.921
126	81	-5319.659
125	82	-10495.08
124	83	-9937.073
123	84	-12787.635
122	85	-12182.822
121	86	-15463.536
120	87	-14481.461
119	88	-17994.205
118	89	1010
129	79	2314.72
128	80	-303.324
127	81	-2368.988
126	82	-9765.283
125	83	-9795.729
124	84	-12313.564
123	85	-11906.232
122	86	-14882.204
121	87	-14276.027
120	88	-17502.42
119	89	1010
118	90	1010
130	79	2726
129	80	33.2
128	81	39.078
127	82	-6815.732
126	83	-8860.32
125	84	-11967.259
124	85	-11298.456
123	86	-14334.329
122	87	-13554.264
121	88	-16976.356
120	89	-15901.005
119	90	1010
131	79	2902
130	80	201.31
129	81	296.753
128	82	-4541.144
127	83	-6497.212
126	84	-11141.649
125	85	-11114.151
124	86	-13907.901
123	87	-13257.92
122	88	-16455.32
121	89	-15818.482
120	90	1010
131	80	550.73
130	81	578.662
129	82	-3771.151
128	83	-3976.783
127	84	-8531.787
126	85	-10113.61
125	86	-13493.822
124	87	-12671.451
123	88	-16028.924
122	89	-14928.732
121	90	1010
132	80	764
131	81	868.74
130	82	-3760.397
129	83	-3756.204
128	84	-6793.532
127	85	-7944.095
126	86	-12590.741
125	87	-12419.119
124	88	-15472.206
123	89	-14700.105
122	90	1010
121	91	1010
133	80	1145
132	81	1259.734
131	82	-3155.947
130	83	-2932.556
129	84	-6096.608
128	85	-5991.238
127	86	-10253.415
126	87	-11425.324
125	88	-14991.309
124	89	-14012.921
123	90	-17566.756
122	91	1010
134	80	1322
133	81	1594.54
132	82	-3021.824
131	83	-2618.069
130	84	-5961.754
129	85	-5752.83
128	86	-8838.011
127	87	-9387.453
126	88	-14134.685
125	89	-13744.798
124	90	-17022.122
123	91	1010
135	80	1672
134	81	2021
133	82	-2454.91
132	83	-1953.13
131	84	-5232.048
130	85	-5006.797
129	86	-8281.316
128	87	-7845.795
127	88	-11981.793
126	89	-12752.678
125	90	-16635.207
124	91	1010
136	80	1877
135	81	2230
134	82	-2239.91
133	83	-1657.193
132	84	-5032.473
131	85	-4645.598
130	86	-8136.505
129	87	-7634.032
128	88	-10810.919
127	89	-10848.373
126	90	-15641.494
125	91	1010
136	81	2762
135	82	-1705.35
134	83	-1125.336
133	84	-4443.52
132	85	-3928.627
131	86	-7383.728
130	87	-7047.736
129	88	-10328.103
128	89	-9666.157
127	90	-13653.027
126	91	1010
125	92	1010
137	81	2780
136	82	-1348.24
135	83	-740.608
134	84	-4108.438
133	85	-3631.161
132	86	-7168.416
131	87	-6899.565
130	88	-10123.624
129	89	-9445.324
128	90	-12774.464
127	91	-12358.527
126	92	1010
137	82	-1009
136	83	-147.76
135	84	-3489.045
134	85	-2891.965
133	86	-6299.891
132	87	-6104.187
131	88	-9520.868
130	89	-8868.305
129	90	-12282.693
128	91	-11442.806
127	92	1010
126	93	1010
138	82	-685
137	83	65.78
136	84	-3205.046
135	85	-2526.467
134	86	-6076.337
133	87	-5982.703
132	88	-9370.614
131	89	-8800.328
130	90	-11942
129	91	-11139
128	92	-14414
127	93	1010
138	83	762.98
137	84	-2673.313
136	85	-1902.156
135	86	-5081.806
134	87	-5063.256
133	88	-8851.137
132	89	-8217.162
131	90	-11351.023
130	91	-10629
129	92	-13899
128	93	1010
139	83	826.19
138	84	-2367.781
137	85	-1590.985
136	86	-4975.881
135	87	-4685.795
134	88	-8273.201
133	89	-8387.918
132	90	-11245
131	91	-10400
130	92	-13695
129	93	1010
140	83	1579
139	84	-1945.34
138	85	-1017.343
137	86	-4031.339
136	87	-4008.92
135	88	-7458.259
134	89	-7447.94
133	90	-10839.915
132	91	-9971.855
131	92	-13251
130	93	1010
141	83	1616
140	84	-1589.31
139	85	-750.043
138	86	-4010.199
137	87	-3511.031
136	88	-7070.689
135	89	-7222.437
134	90	-10398.4
133	91	-10047.55
132	92	-12957
131	93	1010
141	84	-1252
140	85	-121.27
139	86	-3332.268
138	87	-3077.843
137	88	-6312.011
136	89	-6426.667
135	90	-9623.417
134	91	-9444.478
133	92	-12568.926
132	93	1010
142	84	-918
141	85	8.73
140	86	-3144.929
139	87	-2525.069
138	88	-6040.337
137	89	-6071.385
136	90	-9214.839
135	91	-9415.715
134	92	-12330
133	93	1010
143	84	-405
142	85	664.32
141	86	-2726.038
140	87	-2055.106
139	88	-5202.348
138	89	-5417.586
137	90	-8298.471
136	91	-8568.505
135	92	-11826.009
134	93	1010
143	85	727.31
142	86	-2513.638
141	87	-1881.704
140	88	-4980.209
139	89	-4981.257
138	90	-8131.004
137	91	-8169.219
136	92	-11411.313
135	93	1010
134	94	1010
144	85	1508.62
143	86	-2077.987
142	87	-1339.161
141	88	-4419.19
140	89	-4145.429
139	90	-7408.986
138	91	-7395.286
137	92	-10456.49
136	93	-10370.568
135	94	1010
144	86	-1698.1
143	87	-1109.252
142	88	-4253.216
141	89	-3819.711
140	90	-7105.454
139	91	-7107.438
138	92	-10236.15
137	93	-10228.365
136	94	1010
135	95	1010
145	86	-1128.49
144	87	-523.22
143	88	-3693.214
142	89	-3172.715
141	90	-6428.553
140	91	-6260.356
139	92	-9500.294
138	93	-9379.994
137	94	-12718
136	95	1010
145	87	-301.85
144	88	-3337.215
143	89	-2734.444
142	90	-6048.56
141	91	-5930.857
140	92	-9086
139	93	-8995.94
138	94	-12147
137	95	1010
136	96	1010
146	87	465.08
145	88	-2903.385
144	89	-2212
143	90	-5285.644
142	91	-5192.138
141	92	-8511.733
140	93	-8484.518
139	94	-11287
138	95	-11212
137	96	1010
146	88	-2486.079
145	89	-1963.77
144	90	-4946.912
143	91	-4651.207
142	92	-7874.476
141	93	-8166.753
140	94	-10985
139	95	-10902.31
138	96	1010
137	97	1010
147	88	-1708.35
146	89	-1328.614
145	90	-4393.927
144	91	-3929.248
143	92	-7107.34
142	93	-7376.325
141	94	-10348.414
140	95	-10169
139	96	-13404
138	97	1010
147	89	-868.075
146	90	-4105.012
145	91	-3658.025
144	92	-6669.673
143	93	-6875.705
142	94	-9795
141	95	-10040
140	96	-12920
139	97	1010
148	89	-48.42
147	90	-3450.177
146	91	-2990.217
145	92	-6058.7
144	93	-6100.701
143	94	-9020
142	95	-9354.9
141	96	-12366
140	97	1010
139	98	1010
148	90	-2972.9
147	91	-2569.334
146	92	-5635.671
145	93	-5708.324
144	94	-8477.343
143	95	-8895.455
142	96	-11814
141	97	-11792
140	98	1010
149	90	-2358
148	91	-2043.38
147	92	-4953.729
146	93	-4923.677
145	94	-7904.537
144	95	-8124.155
143	96	-11139
142	97	-11098
141	98	1010
140	99	1010
149	91	-1842.99
148	92	-4667.526
147	93	-4343.627
146	94	-7336.32
145	95	-7707.789
144	96	-10597
143	97	-10651
142	98	-13637
141	99	1010
150	91	-1098
149	92	-4192.09
148	93	-3936.52
147	94	-6626.307
146	95	-6860.684
145	96	-10033
144	97	-10028
143	98	-12943
142	99	1010
141	100	1010
150	92	-3712.72
149	93	-3609.72
148	94	-6288.941
147	95	-6305.022
146	96	-9299
145	97	-9663
144	98	-12548
143	99	-12396
142	100	1010
151	92	-3089
150	93	-2912.91
149	94	-5785.217
148	95	-5700.423
147	96	-8622.591
146	97	-8767
145	98	-11881
144	99	-11723
143	100	1010
151	93	-2625.48
150	94	-5440.816
149	95	-5373.96
148	96	-8308.85
147	97	-8346.659
146	98	-11340
145	99	-11408
144	100	1010
152	93	-1928.57
151	94	-4772.893
150	95	-4622.877
149	96	-7782.112
148	97	-7735.026
147	98	-10711
146	99	-10670
145	100	1010
144	101	1010
152	94	-4577
151	95	-4080.61
150	96	-7268.35
149	97	-7489.645
148	98	-10347
147	99	-10356
146	100	-13155
145	101	1010
153	94	-3959
152	95	-3535.47
151	96	-6505.469
150	97	-6672.423
149	98	-9869.564
148	99	-9681
147	100	-12513
146	101	1010
153	95	-3042.31
152	96	-6168
151	97	-6094.26
150	98	-9410
149	99	-9444
148	100	-12110
147	101	1010
146	102	1010
154	95	-2361.37
153	96	-5401.161
152	97	-5460.701
151	98	-8647
150	99	-8793.51
149	100	-11700
148	101	-11459
147	102	1010
154	96	-4931.586
153	97	-4845.743
152	98	-8076
151	99	-8364.49
150	100	-11231
149	101	-11222
148	102	1010
155	96	-4373.53
154	97	-4013.95
153	98	-7162.219
152	99	-7631.133
151	100	-10748.904
150	101	-10668
149	102	1010
148	103	1010
156	96	-4244
155	97	-3672.4
154	98	-6549.62
153	99	-6729.986
152	100	-10221
151	101	-10412
150	102	-12927
149	103	1010
156	97	-3178.29
155	98	-6064.29
154	99	-5874.242
153	100	-9233
152	101	-9768.54
151	102	-12450
150	103	1010
149	104	1010
157	97	-2980.57
156	98	-5743.933
155	99	-5428.08
154	100	-8341
153	101	-8976.58
152	102	-11923
151	103	-11755
150	104	1010
157	98	-5252.89
156	99	-4885.09
155	100	-7724.376
154	101	-7951.636
153	102	-11137.066
152	103	-11322
151	104	1010
150	105	1010
158	98	-5122
157	99	-4684.91
156	100	-7428
155	101	-7421.62
154	102	-10194.69
153	103	-10655.086
152	104	-13581
151	105	1010
158	99	-4154.94
157	100	-6937.42
156	101	-6898.082
155	102	-9568
154	103	-9687.39
153	104	-12703
152	105	1010
159	99	-3960
158	100	-6641.13
157	101	-6633
156	102	-9199
155	103	-9155.67
154	104	-11937
153	105	1010
152	106	1010
159	100	-6054
158	101	-5925
157	102	-8744
156	103	-8560
155	104	-11508
154	105	-11323
153	106	1010
160	100	-5932
159	101	-5630
158	102	-8312
157	103	-8157
156	104	-10914
155	105	-10957
154	106	1010
153	107	1010
160	101	-5105
159	102	-7893
158	103	-7658
157	104	-10422
156	105	-10369.2
155	106	-13389
154	107	1010
161	101	-4900
160	102	-7531
159	103	-7290
158	104	-9927
157	105	-9820.63
156	106	-12839
155	107	1010
161	102	-7044
160	103	-6735
159	104	-9540
158	105	-9326
157	106	-12424
156	107	-5222
155	108	1010
162	102	-6792
161	103	-6482
160	104	-9106
159	105	-8900
158	106	-11784
157	107	-11731
156	108	1010
162	103	-5915
161	104	-8743
160	105	-8368
159	106	-10331
158	107	-11278.63
157	108	1010
156	109	1010
163	103	-5140
162	104	-8481
161	105	-8131
160	106	-10809
159	107	-10864.26
158	108	-13613
157	109	1010
163	104	-7364
162	105	-7615
161	106	-10342
160	107	-10442
159	108	-13382
158	109	1010
157	110	1010
164	104	-6672
163	105	-6847
162	106	-10036
161	107	-9916
160	108	-13031
159	109	-12840
158	110	1010
164	105	-5725
163	106	-9064
162	107	-9420
161	108	-12631
160	109	-12408
159	110	1010
165	105	-5530
164	106	-8061
163	107	-8434
162	108	-12293
161	109	-12192.78
160	110	1010
165	106	-7540
164	107	-7171
163	108	-11013
162	109	-11649
161	110	1010
166	106	-7481
165	107	-7052
164	108	-10166
163	109	-10436
162	110	1010
161	111	1010
167	106	-6845
166	107	-6445
165	108	-9681
164	109	-9581
163	110	-12461
162	111	1010
167	107	-6331
166	108	-9091
165	109	-9296
164	110	-11533
163	111	1010
168	107	-5867
167	108	-8609
166	109	-8621
165	110	-11071
164	111	1010
168	108	-8412
167	109	-8480
166	110	-10786
165	111	1010
164	112	1010
169	108	-7787
168	109	-7845
167	110	-10326
166	111	-10252
165	112	1010
169	109	-7706
168	110	-9961
167	111	-10072
166	112	1010
165	113	1010
170	109	-7107
169	110	-9372
168	111	-9407
167	112	-11831
166	113	1010
170	110	-9385
169	111	-9378
168	112	-11613
167	113	1010
171	110	-8656
170	111	-8805
169	112	-11037
168	113	1010
171	111	-8655
170	112	-10850
169	113	1010
172	111	-8027
171	112	-10310
170	113	1010
172	112	-10321
171	113	1010
173	112	-9571
172	113	1010
171	114	1010
173	113	-9408
172	114	1010
174	113	-8859
173	114	1010
172	115	1010
174	114	-10989
173	115	1010
175	114	-10233
174	115	1010
173	116	1010
175	115	-10108
174	116	1010
176	115	-9531
175	116	1010
174	117	1010
176	116	-11604
175	117	1010
177	116	-10844
176	117	1010
175	118	1010
177	117	-10959
176	118	1010
177	118	1010
