N	Z	Q(b2n)
1	0	1010
0	1	1010
1	1	1010
2	1	1010
1	2	1010
0	3	1010
3	1	1010
2	2	1010
1	3	1010
4	1	1818.588
3	2	-33578.653
2	3	1010
1	4	1010
5	1	23308.172
4	2	-23873.724
3	3	1010
2	4	1010
1	5	1010
6	1	21761.26
5	2	-1748.399
4	3	-38373.893
3	4	1010
2	5	1010
6	2	1380.168
5	3	-13571.867
4	4	-58520.906
3	5	1010
2	6	1010
7	2	9886.154
6	3	-6956.73
5	4	-32470.735
4	5	1010
3	6	1010
8	2	12083.882
7	3	11968.316
6	4	-26456.723
5	5	-39156.214
4	6	1010
3	7	1010
8	3	13237.167
7	4	-8381.956
6	5	-36385.722
5	6	1010
4	7	1010
9	3	20169.453
8	4	-3115.567
7	5	-18471.974
6	6	-54942.742
5	7	1010
4	8	1010
10	3	22021.083
9	4	8848.557
8	5	-10230.81
7	6	-37321.272
6	7	1010
5	8	1010
10	4	10442.453
9	5	7521.052
8	6	-30460.814
7	7	-45193.91
6	8	1010
5	9	1010
11	4	17055.24
10	5	9690.344
9	6	-11614.975
8	7	-39156.636
7	8	1010
6	9	1010
12	4	17640.812
11	5	17949.742
10	6	-5311.919
9	7	-18466.182
8	8	-52844.046
7	9	1010
6	10	1010
12	5	17755.038
11	6	4786.703
10	7	-11128.161
9	8	-33758.205
8	9	1010
7	10	1010
13	5	22010.368
12	6	3091.586
11	7	1707.534
10	8	-27605.709
9	9	-39255.68
8	10	1010
7	11	1010
14	5	21604.2
13	6	8399.901
12	7	521.654
11	8	-14761.478
10	9	-34130.528
9	10	-11177.337
8	11	1010
7	12	1010
15	5	26071.85
14	6	8301.81
13	7	6405.292
12	8	-13219.578
11	9	-21477.723
10	10	-48221.495
9	11	1010
8	12	1010
16	5	27166
15	6	13645.01
14	7	5775.667
13	8	-6593.284
12	9	-17942.293
11	10	-34803.798
10	11	-50155.662
9	12	1010
8	13	1010
16	6	15682.499
15	7	12099.873
14	8	-6841.844
13	9	-6307.329
12	10	-31017.956
11	11	-38882.82
10	12	-18601
9	13	1010
8	14	1010
17	6	22777
16	7	14117.12
15	8	-1474.364
14	9	-7097.814
13	10	-19112.042
12	11	-36585.998
11	12	-48606.335
10	13	1010
9	14	1010
17	7	21512.45
16	8	-435.604
15	9	-558.393
14	10	-16912.753
13	11	-24160.649
12	12	-48277.955
11	13	-49527.968
10	14	1010
9	15	1010
18	7	25219.43
17	8	7892.04
16	9	374.915
15	10	-8672.589
14	11	-20027.186
13	12	-36083.476
12	13	-48756.496
11	14	1010
10	15	1010
18	8	11030.876
17	9	8474.065
16	10	-7245.235
15	11	-9069.844
14	12	-32309.563
13	13	-39097.096
12	14	-56603
11	15	1010
10	16	1010
19	8	16944.49
18	9	10546.809
17	10	251.009
16	11	-8467.541
15	12	-21813.087
14	13	-37166.709
13	14	-48264.928
12	15	1010
11	16	1010
20	8	17272.25
19	9	16298.871
18	10	2009.714
17	11	-916.405
16	12	-18951.25
15	13	-25852.186
14	14	-48608.055
13	15	-50368.945
12	16	1010
11	17	1010
20	9	16447.34
19	10	7774.845
18	11	1123.956
17	12	-9548.717
16	13	-21962.903
15	14	-37315.248
14	15	-50123.043
13	16	1010
12	17	1010
21	9	20677.37
20	10	7885.253
19	11	7350.767
18	12	-8175.835
17	13	-10522.292
16	14	-33427.852
15	15	-40416.451
14	16	-57718
13	17	1010
12	18	1010
22	9	21075.91
21	10	11997.727
20	11	6721.132
19	12	-1060.311
18	13	-9202.53
17	14	-22139.215
16	15	-37426.766
15	16	-48952.401
14	17	1010
13	18	1010
22	10	12381.35
21	11	11550.755
20	12	-1098.989
19	13	-2808.202
18	14	-20019.712
17	15	-26388.5
16	16	-46601.859
15	17	-50967.323
14	18	1010
13	19	1010
23	10	17594
22	11	10946.91
21	12	3774.547
20	13	-1661.827
19	14	-12216.419
18	15	-23437.452
17	16	-35662.367
16	17	-48440.044
15	18	1010
14	19	1010
24	10	17890
23	11	15975.52
22	12	3279.239
21	13	4866.148
20	14	-11794.49
19	15	-14675.796
18	16	-32739.655
17	17	-38382.375
16	18	-55619
15	19	1010
14	20	1010
24	11	16734.95
23	12	7965.387
22	13	4151.856
21	14	-4165.688
20	15	-14414.574
19	16	-23985.517
18	17	-35771.88
17	18	-46232.519
16	19	1010
15	20	1010
25	11	21445.18
24	12	7306.424
23	13	9764.477
22	14	-3987.255
21	15	-6461.974
20	16	-22366.667
19	17	-27286.358
18	18	-45153.475
17	19	-47410.915
16	20	1010
15	21	1010
26	11	21360
25	12	12366.76
24	13	8027.331
23	14	2120.867
22	15	-6292.524
21	16	-14025.509
20	17	-24856.743
19	18	-35917.389
18	19	-45731.133
17	20	1010
16	21	1010
26	12	11980.84
25	13	12460.547
24	14	-61.903
23	15	-148.069
22	16	-13481.8
21	17	-15709.177
20	18	-33440.386
19	19	-38492.233
18	20	-53552
17	21	1010
16	22	1010
27	12	16323
26	13	11448
25	14	5173.825
24	15	-2075.497
23	16	-7543.454
22	17	-14995.182
21	18	-24584.63
20	19	-36813.758
19	20	-46908.992
18	21	1010
17	22	1010
28	12	16253
27	13	16000.34
26	14	3956.603
25	15	2644.131
24	16	-9182.393
23	17	-8985.628
22	18	-22381.773
21	19	-27619.626
20	20	-46443.05
19	21	-47331.95
18	22	1010
17	23	1010
28	13	15424.68
27	14	8806.305
26	15	2039.94
25	16	-5351.019
24	17	-10207.633
23	18	-15402.952
22	19	-24419.476
21	20	-37107.806
20	21	-46982.874
19	22	1010
18	23	1010
29	13	19265
28	14	8493.53
27	15	7704.955
26	16	-6222.566
25	17	-6015.724
24	18	-17029.819
23	19	-16318.273
22	20	-34166.54
21	21	-39413.39
20	22	-53133
19	23	1010
18	24	1010
30	13	19682
29	14	11937.96
28	15	7545.765
27	16	-1030.902
26	17	-7397.759
25	18	-12592.899
24	19	-17580.134
23	20	-25909.035
22	21	-36633.196
21	22	-45659.728
20	23	1010
19	24	1010
30	14	11361
29	15	11936.88
28	16	-433.874
27	17	-2329.685
26	18	-13793.863
25	19	-13376.884
24	20	-25490.15
23	21	-28853.947
22	22	-46071.191
21	23	-46500
20	24	1010
19	25	1010
31	14	16391
30	15	11376.24
29	16	4190.408
28	17	-2492.57
27	18	-9338.039
26	19	-14349.456
25	20	-20766.685
24	21	-27892.725
23	22	-37235.402
22	23	-45722.75
21	24	1010
20	25	1010
19	26	1010
31	15	15846
30	16	4504.77
29	17	2720.292
28	18	-10091.908
27	19	-10087.897
26	20	-21465.057
25	21	-20354.564
24	22	-36153.254
23	23	-39580.071
22	24	-52276
21	25	1010
20	26	1010
32	15	17086
31	16	9623
30	17	3531.15
29	18	-4738.004
28	19	-11042.463
27	20	-17414.913
26	21	-21469.14
25	22	-29198.489
24	23	-38633.634
23	24	-45571.445
22	25	-52139
21	26	1010
20	27	1010
32	16	10429
31	17	9526
30	18	-3168.19
29	19	-5288.718
28	20	-18606.889
27	21	-16519.056
26	22	-27559.766
25	23	-31145.874
24	24	-46007.222
23	25	-46053
22	26	1010
21	27	1010
20	28	1010
33	16	15157
32	17	10214
31	18	2708.85
30	19	-3410.676
29	20	-13106.902
28	21	-17767.303
27	22	-22699.646
26	23	-29542.7
25	24	-38909.885
24	25	-46188.011
23	26	-50739
22	27	1010
21	28	1010
33	17	14727
32	18	3221.99
31	19	2354.276
30	20	-11228.44
29	21	-12198.413
28	22	-23096.545
27	23	-22544.837
26	24	-37080.907
25	25	-40354.601
24	26	-51497
23	27	-50402
22	28	1010
34	17	15193
33	18	7600.82
32	19	2641.22
31	20	-5920.096
30	21	-10808.636
29	22	-17913.544
28	23	-23013.63
27	24	-29956.949
26	25	-39635.405
25	26	-46015.187
24	27	-50658
23	28	1010
34	18	8617
33	19	6903.58
32	20	-5858.133
31	21	-4878.461
30	22	-16387.624
29	23	-17324.533
28	24	-28933.495
27	25	-32360.861
26	26	-46693
25	27	-45234
24	28	1010
23	29	1010
35	18	13164
34	19	8515
33	20	-1371.24
32	21	-4518.198
31	22	-10768.94
30	23	-16541.567
29	24	-23185.029
28	25	-30629.351
27	26	-39747.226
26	27	-45862.803
25	28	1010
24	29	1010
35	19	13119
34	20	-754.12
33	21	-272.776
32	22	-10296.076
31	23	-10616.649
30	24	-22369.474
29	25	-23366.867
28	26	-38406.547
27	27	-40678.402
26	28	-52301
25	29	1010
24	30	1010
36	19	13022
35	20	3614.28
34	21	710.851
33	22	-5960.17
32	23	-10000.357
31	24	-16562.228
30	25	-22907.628
29	26	-30964.649
28	27	-40541.064
27	28	-47123.825
26	29	1010
25	30	1010
37	19	16562
36	20	3558
35	21	4723.1
34	22	-5455.85
33	23	-5332.037
32	24	-15867.36
31	25	-16799.613
30	26	-28739.734
29	27	-32959.519
28	28	-48308
27	29	-46965
26	30	1010
25	31	1010
37	20	6960
36	21	4817.29
35	22	-866.618
34	23	-5262.379
33	24	-10955.048
32	25	-16148.131
31	26	-22294.552
30	27	-30152.359
29	28	-40590.457
28	29	-48529
27	30	1010
26	31	1010
38	20	6670
37	21	8187
36	22	-1131.03
35	23	-1180.893
34	24	-11066.516
33	25	-11363.773
32	26	-22257.299
31	27	-22082.285
30	28	-38133.019
29	29	-42230.981
28	30	-54119
27	31	1010
26	32	1010
38	21	7423
37	22	2441.74
36	23	-1450.505
35	24	-6547.99
34	25	-11486.777
33	26	-17461.854
32	27	-22288.531
31	28	-29990.496
30	29	-39953.777
29	30	-47708
28	31	1010
27	32	1010
39	21	10917
38	22	1848.91
37	23	2450.14
36	24	-6818.948
35	25	-6956.103
34	26	-17708.455
33	27	-17564.197
32	28	-28948.032
31	29	-32189.029
30	30	-46824
29	31	-48214
28	32	1010
27	33	1010
40	21	10433
39	22	5341.95
38	23	1242.43
37	24	-3072.407
36	25	-7220.588
35	26	-12834.011
34	27	-17884.141
33	28	-24006.228
32	29	-30911.514
31	30	-38520.149
30	31	-46967
29	32	1010
28	33	1010
40	22	4534
39	23	4885.28
38	24	-4070
37	25	-3211.31
36	26	-13370.964
35	27	-13093.921
34	28	-24543.946
33	29	-24755.865
32	30	-37526.066
31	31	-40520
30	32	-52340
29	33	1010
41	22	8542
40	23	4320.34
39	24	-122.631
38	25	-4109.192
37	26	-8880.632
36	27	-13772.308
35	28	-19671.123
34	29	-25373.237
33	30	-31221.199
32	31	-38959.876
31	32	-45477
30	33	1010
41	23	8582
40	24	-1121
39	25	-253.62
38	26	-9688.357
37	27	-9188.659
36	28	-20454.145
35	29	-20399.214
34	30	-30159.979
33	31	-33077.255
32	32	-45876
31	33	1010
30	34	1010
42	23	7935
41	24	2762.08
40	25	-1474.356
39	26	-5513.124
38	27	-9815.506
37	28	-15688.575
36	29	-21192.979
35	30	-25507.34
34	31	-31878.742
33	32	-38994.165
32	33	1010
31	34	1010
43	23	11709
42	24	2311.01
41	25	2076.523
40	26	-6418.586
39	27	-5452.689
38	28	-16724.825
37	29	-16396.917
36	30	-26208.95
35	31	-25551.2
34	32	-38096.956
33	33	-41238
32	34	1010
43	24	6343
42	25	1768.33
41	26	-3025.965
40	27	-6339.166
39	28	-12621.861
38	29	-17549.612
37	30	-21365.371
36	31	-26543.312
35	32	-31863.59
34	33	-39568.936
33	34	1010
32	35	1010
44	24	5732
43	25	5626.86
42	26	-3559.447
41	27	-2060.067
40	28	-13348.38
39	29	-12810.608
38	30	-22425.42
37	31	-21621.347
36	32	-31096.351
35	33	-33669.077
34	34	1010
33	35	1010
44	25	5390
43	26	122.06
42	27	-2569.037
41	28	-8802.506
40	29	-13998.783
39	30	-17681.34
38	31	-22812.426
37	32	-26656.06
36	33	-32674.507
35	34	-39649.236
34	35	1010
33	36	1010
45	25	8466
44	26	-528.27
43	27	401.827
42	28	-9789.458
41	29	-9112.163
40	30	-18621.598
39	31	-18073.976
38	32	-27809.95
37	33	-26295.023
36	34	-39631.272
35	35	1010
34	36	1010
46	25	7713
45	26	3026.53
44	27	-533.908
43	28	-5812.652
42	29	-10436.161
41	30	-14143.608
40	31	-19181.081
39	32	-22936.93
38	33	-27600.98
37	34	-33177.669
36	35	-40210.212
35	36	1010
34	37	1010
46	26	2674
45	27	3287.17
44	28	-7392.322
43	29	-6360.923
42	30	-15377.99
41	31	-14169.055
40	32	-24386.702
39	33	-22442.538
38	34	-32585.199
37	35	-34261.746
36	36	1010
35	37	1010
47	26	5611
46	27	2367.44
45	28	-3539.655
44	29	-7801.295
43	30	-11596.938
42	31	-15935.511
41	32	-19547.104
40	33	-23948.881
39	34	-27867.603
38	35	-33463.014
37	36	-40390
36	37	1010
35	38	1010
48	26	4406
47	27	5621
46	28	-4815.84
45	29	-4003.353
44	30	-13311.095
43	31	-11606.355
42	32	-21335.277
41	33	-19134.513
40	34	-29288.512
39	35	-27490.305
38	36	-40357.849
37	37	1010
36	38	1010
48	27	4866
47	28	-1401.54
46	29	-5020.574
45	30	-9002.208
44	31	-13309.695
43	32	-17046.854
42	33	-20949.439
41	34	-24664.533
40	35	-28698.005
39	36	-34384.929
38	37	1010
37	38	1010
49	27	8216
48	28	-1746.41
47	29	-1361.909
46	30	-10396.036
45	31	-9016.83
44	32	-18495.467
43	33	-16220.802
42	34	-26106.331
41	35	-24099.871
40	36	-33240.787
39	37	-35794.442
38	38	1010
37	39	1010
49	28	1581
48	29	-2095.92
47	30	-6467.251
46	31	-10278.012
45	32	-14321.303
44	33	-17889.474
43	34	-21635
42	35	-25053.813
41	36	-29093.381
40	37	-34354.436
39	38	1010
38	39	1010
50	28	703.88
49	29	1662.916
48	30	-7329.224
47	31	-6635.697
46	32	-15713.313
45	33	-13707.641
44	34	-22879.474
43	35	-20580.618
42	36	-29843.128
41	37	-28830.417
40	38	-40715
39	39	1010
38	40	1010
51	28	4660
50	29	748.27
49	30	-3582.586
48	31	-7477.454
47	32	-11752.905
46	33	-15179.214
45	34	-18825.25
44	35	-22041.248
43	36	-25754.422
42	37	-29142.186
41	38	-34841
40	39	1010
39	40	1010
51	29	4909.99
50	30	-4085.295
49	31	-3504.251
48	32	-12860.975
47	33	-11331.183
46	34	-20449.983
45	35	-17852.071
44	36	-27100.526
43	37	-25144.157
42	38	-33927.578
41	39	-35986.86
40	40	1010
52	29	5500
51	30	205.381
50	31	-4243.997
49	32	-8798.252
48	33	-12758.527
47	34	-16463.586
46	35	-19676.007
45	36	-23034.461
44	37	-26122.408
43	38	-29313.869
42	39	-34795.335
41	40	1010
40	41	1010
53	29	9835
52	30	474.31
51	31	461.948
50	32	-9343.237
49	33	-8486.251
48	34	-17847.542
47	35	-15746.599
46	36	-24557.485
45	37	-22018.957
44	38	-31005.774
43	39	-28689
42	40	1010
41	41	1010
53	30	4747.2
52	31	891.932
51	32	-4585.752
50	33	-9422.945
49	34	-13507.547
48	35	-17461.22
47	36	-20676.002
46	37	-23685.134
45	38	-27228.511
44	39	-29950.772
43	40	-35106
42	41	1010
41	42	1010
54	30	4378
53	31	4989
52	32	-4187.968
51	33	-4402.279
50	34	-14593.076
49	35	-13335.399
48	36	-22394.165
47	37	-19891.545
46	38	-28729.229
45	39	-26092.943
44	40	-35362
43	41	1010
42	42	1010
55	30	7275
54	31	4770.38
53	32	403.264
52	33	-3991.208
51	34	-9542.867
50	35	-14728.068
49	36	-18552.34
48	37	-21512.354
47	38	-25041.383
46	39	-28074.248
45	40	-30906.149
44	41	-35735.923
43	42	1010
42	43	1010
55	31	7549
54	32	-49.22
53	33	842.944
52	34	-8862.715
51	35	-9335.546
50	36	-19649.335
49	37	-18240.091
48	38	-26772.36
47	39	-24005.296
46	40	-33090.774
45	41	-30773.634
44	42	1010
43	43	1010
56	31	7401
55	32	2968.6
54	33	653.098
53	34	-3993.288
52	35	-8553.985
51	36	-14684.821
50	37	-19637.147
49	38	-23180.54
48	39	-25986.95
47	40	-29209.494
46	41	-32506.181
45	42	-36992.764
44	43	1010
43	44	1010
56	32	2682
55	33	3640.34
54	34	-4394.577
53	35	-3592.923
52	36	-13086.911
51	37	-14228.433
50	38	-24780.79
49	39	-22472.732
48	40	-30638.082
47	41	-28208.373
46	42	-37532.229
45	43	1010
44	44	1010
57	32	5746
56	33	3485.1
55	34	-1243.348
54	35	-3707.378
53	36	-8080.626
52	37	-12974.839
51	38	-19333.039
50	39	-24505.25
49	40	-27145.726
48	41	-29883.22
47	42	-33467.527
46	43	-37605
45	44	1010
44	45	1010
58	32	5356
57	33	6411.34
56	34	-1226.889
55	35	-451.648
54	36	-8492.89
53	37	-7586.013
52	38	-17792.796
51	39	-19009.162
50	40	-28740.206
49	41	-26118.316
48	42	-34634.21
47	43	-32467.894
46	44	1010
45	45	1010
58	33	5953
57	34	1793.34
56	35	-714.139
55	36	-5404.359
54	37	-7679.009
53	38	-12085.89
52	39	-17618.119
51	40	-23413.402
50	41	-27766.273
49	42	-30956.499
48	43	-34022.735
47	44	-38352
46	45	1010
45	46	1010
59	33	8676
58	34	1133.86
57	35	2583.815
56	36	-5547.226
55	37	-4966.242
54	38	-12515.168
53	39	-12186.134
52	40	-21940.045
51	41	-22423.488
50	42	-32225.775
49	43	-30184.532
48	44	-38485.114
47	45	1010
46	46	1010
59	34	4249.32
58	35	1860.996
57	36	-2533.501
56	37	-5110.177
55	38	-9876.669
54	39	-12474.133
53	40	-16626.739
52	41	-21146.905
51	42	-26962.703
50	43	-31508.474
49	44	-34563.913
48	45	-38878
47	46	1010
46	47	1010
60	34	3287
59	35	5026.91
58	36	-2717.882
57	37	-1838.031
56	38	-10171.326
55	39	-10035.851
54	40	-16959.794
53	41	-15704.014
52	42	-25629.788
51	43	-25998.524
50	44	-35727.138
49	45	-33980.567
48	46	1010
47	47	1010
61	34	6368
60	35	4222.45
59	36	318.409
58	37	-1950.6
57	38	-7037.233
56	39	-10231.272
55	40	-14591.21
54	41	-16121.373
53	42	-20247.898
52	43	-24946.029
51	44	-30587.331
50	45	-35343.941
49	46	-39840
48	47	1010
47	48	1010
61	35	7041.46
60	36	-659.527
59	37	1348.754
58	38	-6719.642
57	39	-7213.323
56	40	-15218.033
55	41	-13336.62
54	42	-20779.162
53	43	-19379.432
52	44	-29314.143
51	45	-29728.061
50	46	-39913.523
49	47	1010
48	48	1010
62	35	5960.79
61	36	2327.759
60	37	460.493
59	38	-3513.525
58	39	-6608.253
57	40	-12305.999
56	41	-14040.099
55	42	-17666.088
54	43	-19904.988
53	44	-23921.33
52	45	-28774.271
51	46	-34351
50	47	-40338
49	48	1010
48	49	1010
63	35	8489
62	36	900.39
61	37	2468.893
60	38	-4227.016
59	39	-2998.616
58	40	-11828.319
57	41	-10879.373
56	42	-18437.087
55	43	-16494.64
54	44	-24680.933
53	45	-23135.587
52	46	-32951.97
51	47	-33636
50	48	1010
49	49	1010
63	36	3617.08
62	37	1234.179
61	38	-2527.4
60	39	-3849.916
59	40	-8158.971
58	41	-10930.875
57	42	-14892.754
56	43	-17350.108
55	44	-21168.174
54	45	-23914.785
53	46	-27498.026
52	47	-32401.35
51	48	-38884
50	49	1010
49	50	1010
64	36	3124
63	37	3736.2
62	38	-3672.186
61	39	-2183.449
60	40	-8994.238
59	41	-7831.124
58	42	-15900.99
57	43	-13937.724
56	44	-22191.369
55	45	-20409.872
54	46	-28303.446
53	47	-26644.183
52	48	-36440.624
51	49	1010
50	50	1010
65	36	5935
64	37	3557.31
63	38	-1048.93
62	39	-3585.203
61	40	-6981.59
60	41	-9061.656
59	42	-12332.256
58	43	-14861.85
57	44	-18519.221
56	45	-21372.219
55	46	-24860.823
54	47	-27545.888
53	48	-30603
52	49	-36812
51	50	1010
65	37	5980.15
64	38	-1167.67
63	39	-934.034
62	40	-7933.063
61	41	-6263.758
60	42	-13693.233
59	43	-11489.379
58	44	-19657.313
57	45	-17695.842
56	46	-25935.672
55	47	-24194.57
54	48	-31489.199
53	49	-29553.41
52	50	1010
66	37	5811
65	38	1501.59
64	39	-1429.649
63	40	-5076.087
62	41	-7651.327
61	42	-10768.364
60	43	-12789.942
59	44	-15995.445
58	45	-18740.03
57	46	-22293.292
56	47	-25106.465
55	48	-28180.48
54	49	-30466.52
53	50	1010
52	51	1010
66	38	925
65	39	1386.9
64	40	-5562.268
63	41	-4397.358
62	42	-11927.958
61	43	-9546.921
60	44	-17455.942
59	45	-15167.326
58	46	-23291.073
57	47	-21599.427
56	48	-29417.121
55	49	-27391.553
54	50	1010
53	51	1010
67	38	3705
66	39	856.85
65	40	-2588.5
64	41	-5087.767
63	42	-8883.979
62	43	-11171.941
61	44	-14047.095
60	45	-16508.152
59	46	-19760.1
58	47	-22561.471
57	48	-25846.956
56	49	-28813.696
55	50	-33301.896
54	51	1010
53	52	1010
68	38	3131
67	39	3535
66	40	-3225.14
65	41	-1986.404
64	42	-9776.265
63	43	-7824.28
62	44	-15509.325
61	45	-13109.444
60	46	-20933.712
59	47	-19116.657
58	48	-27091.983
57	49	-25123.602
56	50	-34325.769
55	51	1010
54	52	1010
69	38	5780
68	39	2963
67	40	-499.82
66	41	-2519.502
65	42	-6407.596
64	43	-8958.022
63	44	-12152.585
62	45	-14588.728
61	46	-17444.322
60	47	-20215.387
59	48	-23492.31
58	49	-26368.901
57	50	-30638.775
56	51	-33984.343
55	52	1010
54	53	1010
69	39	5468
68	40	-1295.92
67	41	452.223
66	42	-7129.603
65	43	-5740.997
64	44	-13440.168
63	45	-11267.15
62	46	-18724.733
61	47	-16617.307
60	48	-24787.17
59	49	-22908.898
58	50	-31739.283
57	51	-30369.279
56	52	1010
55	53	1010
70	39	4925
69	40	1384.53
68	41	-204.656
67	42	-4067.2
66	43	-6562.864
65	44	-10015.136
64	45	-12770.044
63	46	-15342.669
62	47	-17872.271
61	48	-21082.752
60	49	-24118.338
59	50	-28120.33
58	51	-31857.364
57	52	-34284.207
56	53	1010
55	54	1010
70	40	518
69	41	2483.6
68	42	-4771.002
67	43	-3515.755
66	44	-11181.288
65	45	-9447.251
64	46	-16867.476
63	47	-14347.846
62	48	-22371.46
61	49	-20543.461
60	50	-29539.29
59	51	-27810.7
58	52	-35725.928
57	53	1010
56	54	1010
71	40	2918
70	41	1654.16
69	42	-1799.579
68	43	-4428.821
67	44	-7925.896
66	45	-10840.658
65	46	-13409.261
64	47	-15854.55
63	48	-18907.778
62	49	-21902.623
61	50	-25831.103
60	51	-29263.979
59	52	-32056.929
58	53	-34926.811
57	54	1010
72	40	2182
71	41	4133
70	42	-2574.25
69	43	-1327.114
68	44	-8942.366
67	45	-7543.995
66	46	-15006.702
65	47	-12377.582
64	48	-20247.674
63	49	-18291.721
62	50	-27348.896
61	51	-25511.777
60	52	-33245.968
59	53	-31287.378
58	54	1010
57	55	1010
72	41	3284
71	42	110.36
70	43	-2170.987
69	44	-5708.327
68	45	-8923.865
67	46	-11517.652
66	47	-13916.348
65	48	-16794.979
64	49	-19568.941
63	50	-23634.134
62	51	-26972.237
61	52	-29535.853
60	53	-32869.604
59	54	1010
58	55	1010
73	41	5934
72	42	-694
71	43	718.05
70	44	-6631.771
69	45	-5534.227
68	46	-13050.075
67	47	-10497.627
66	48	-18166.405
65	49	-16055.041
64	50	-25101.001
63	51	-23070.775
62	52	-30968
61	53	-28912.1
60	54	-36941.239
59	55	1010
58	56	1010
74	41	5273
73	42	1920
72	43	-180.12
71	44	-3678.731
70	45	-6780.613
69	46	-9542.432
68	47	-12082.042
67	48	-14861.205
66	49	-17350.74
65	50	-21759.39
64	51	-24799.004
63	52	-27085.882
62	53	-30276.799
61	54	-33035
60	55	1010
59	56	1010
74	42	1125
73	43	2623.48
72	44	-4498.122
71	45	-3390.506
70	46	-11043.686
69	47	-8670.447
68	48	-16286.79
67	49	-13835.041
66	50	-23172.981
65	51	-21075.723
64	52	-28615.725
63	53	-26548.982
62	54	-34507
61	55	-32245
60	56	1010
59	57	1010
75	42	3596
74	43	1779.53
73	44	-1433.033
72	45	-4613.645
71	46	-7584.654
70	47	-10240.296
69	48	-13024.752
68	49	-15051.87
67	50	-19537.018
66	51	-22719.439
65	52	-24900.266
64	53	-27921.963
63	54	-30628.245
62	55	-33611.404
61	56	1010
60	57	1010
75	43	4136
74	44	-2662.29
73	45	-1198.464
72	46	-8988.862
71	47	-6983.871
70	48	-14594.61
69	49	-11844.895
68	50	-20973.87
67	51	-18869.916
66	52	-26347.182
65	53	-24066.961
64	54	-32158.689
63	55	-29855
62	56	-37795
61	57	1010
76	43	3006
75	44	191.16
74	45	-2540.74
73	46	-5368.702
72	47	-8369.944
71	48	-11176.676
70	49	-13444.357
69	50	-17568.136
68	51	-20521.43
67	52	-22887.767
66	53	-25722.827
65	54	-28443.951
64	55	-30825.995
63	56	-34145
62	57	1010
61	58	1010
77	43	5598
76	44	-1266
75	45	432.04
74	46	-6869.047
73	47	-5092.417
72	48	-12871.733
71	49	-10218.34
70	50	-19244.978
69	51	-16863.836
68	52	-24539.77
67	53	-21816.763
66	54	-29905.695
65	55	-27677
64	56	-35410
63	57	1010
62	58	1010
77	44	1633
76	45	-1164.84
75	46	-3679.187
74	47	-6568.335
73	48	-9516.962
72	49	-11913.757
71	50	-15865.901
70	51	-18559.996
69	52	-20921.369
68	53	-23599.865
67	54	-26318.564
66	55	-28654.875
65	56	-31920
64	57	-34362
63	58	1010
62	59	1010
78	44	261
77	45	1964.41
76	46	-5107.291
75	47	-3291.385
74	48	-11026.419
73	49	-8616.999
72	50	-17666.201
71	51	-15108.074
70	52	-22703.89
69	53	-20050.654
68	54	-27608.968
67	55	-25398.755
66	56	-33064
65	57	-30888
64	58	1010
63	59	1010
79	44	2925
78	45	531
77	46	-2156.89
76	47	-4616.887
75	48	-7720.636
74	49	-10375.604
73	50	-14360.445
72	51	-16823.189
71	52	-19063.135
70	53	-21605.357
69	54	-24288.998
68	55	-26441.443
67	56	-29527
66	57	-32025
65	58	-34809
64	59	1010
80	44	1611
79	45	3306
78	46	-3590.66
77	47	-1730.392
76	48	-9271.354
75	49	-7071.31
74	50	-16043.243
73	51	-13449.201
72	52	-20587.497
71	53	-18153.373
70	54	-25658.928
69	55	-23265.03
68	56	-30689.165
67	57	-28528
66	58	-36114
65	59	1010
64	60	1010
80	45	2068
79	46	-816.79
78	47	-2958.693
77	48	-6060.274
76	49	-8803.081
75	50	-12814.224
74	51	-15226.75
73	52	-17221.88
72	53	-19731.123
71	54	-22292.002
70	55	-24575.525
69	56	-27160.481
68	57	-29616
67	58	-32463
66	59	1010
65	60	1010
81	45	4648
80	46	-1957
79	47	-220.76
78	48	-7529.223
77	49	-5681.323
76	50	-14536.92
75	51	-12010.617
74	52	-18842.247
73	53	-16392.886
72	54	-23556.862
71	55	-21403.313
70	56	-28553.924
69	57	-26199.91
68	58	-33812
67	59	-31941
66	60	1010
65	61	1010
81	46	647
80	47	-1376.05
79	48	-4156.305
78	49	-7144.509
77	50	-11357.613
76	51	-13819.157
75	52	-15587.104
74	53	-17933.519
73	54	-20376.336
72	55	-22713.817
71	56	-25201.096
70	57	-27380.772
69	58	-30090
68	59	-33087
67	60	1010
66	61	1010
82	46	-233
81	47	1212.28
80	48	-5611.6
79	49	-4273.299
78	50	-13111.368
77	51	-10707.607
76	52	-17225.076
75	53	-14735.782
74	54	-21652.453
73	55	-19404.297
72	56	-26548.077
71	57	-23947.503
70	58	-31353.161
69	59	-29481
68	60	-37260
67	61	1010
66	62	1010
82	47	138
81	48	-2753.23
80	49	-5509.3
79	50	-10050.256
78	51	-12490.31
77	52	-14163.575
76	53	-16328.225
75	54	-18598.545
74	55	-20823.944
73	56	-23309.815
72	57	-25487.907
71	58	-27886.938
70	59	-30381
69	60	-33671
68	61	1010
67	62	1010
83	47	5179.39
82	48	-3530.54
81	49	-2664.47
80	50	-11645.194
79	51	-9435.159
78	52	-15756.872
77	53	-13218.513
76	54	-20091.529
75	55	-17663.468
74	56	-24778.939
73	57	-22236.081
72	58	-29234.778
71	59	-27004.225
70	60	-34953
69	61	-32807
68	62	1010
67	63	1010
83	48	1364.68
82	49	-3561.114
81	50	-8785.422
80	51	-11119.706
79	52	-12846.506
78	53	-14889.362
77	54	-17057.012
76	55	-19138.228
75	56	-21501.946
74	57	-23624.396
73	58	-26077.514
72	59	-28128.623
71	60	-31030
70	61	-33925
69	62	1010
68	63	1010
84	48	3477.31
83	49	1581.31
82	50	-10400.28
81	51	-8425.257
80	52	-14394.665
79	53	-11965.667
78	54	-18521.855
77	55	-16037.148
76	56	-22950.258
75	57	-20443.359
74	58	-27438.139
73	59	-24759.886
72	60	-32172
71	61	-30264
70	62	-37398
69	63	1010
85	48	7963
84	49	3665.29
83	50	-5034.94
82	51	-9854.127
81	52	-11631.909
80	53	-13615.57
79	54	-15727.33
78	55	-17529.643
77	56	-19926.966
76	57	-21928.578
75	58	-24260.194
74	59	-26312.178
73	60	-28551.726
72	61	-31418
71	62	-34104
70	63	1010
69	64	1010
85	49	8741.05
84	50	-2939.289
83	51	-4974.985
82	52	-12975.143
81	53	-10922.769
80	54	-17110.689
79	55	-14598.799
78	56	-21369.055
77	57	-18890.32
76	58	-25762.038
75	59	-23244.819
74	60	-30161.681
73	61	-27803
72	62	-35294
71	63	1010
70	64	1010
86	49	8203.33
85	50	2147.632
84	51	-2900.196
83	52	-7983.92
82	53	-12288.023
81	54	-14488.472
80	55	-16170.862
79	56	-18498.965
78	57	-20367.932
77	58	-22821.406
76	59	-24746.122
75	60	-26948.594
74	61	-28938.709
73	62	-31763
72	63	-34269
71	64	1010
70	65	1010
86	50	1979.11
85	51	1883.566
84	52	-6509.336
83	53	-7563.806
82	54	-15680.628
81	55	-13531.496
80	56	-19811.12
79	57	-17347.22
78	58	-24123.233
77	59	-21836.63
76	60	-28603.166
75	61	-25946.611
74	62	-33025
73	63	-31084
72	64	1010
71	65	1010
87	50	3758.86
86	51	1555.091
85	52	-1657.901
84	53	-6082.114
83	54	-10944.212
82	55	-14837.741
81	56	-17220.578
80	57	-18667.18
79	58	-21125.579
78	59	-23130.859
77	60	-25700.279
76	61	-27358.263
75	62	-30022
74	63	-31969
73	64	-34530
72	65	1010
88	50	3506
87	51	3743.97
86	52	-2293.356
85	53	-1693.371
84	54	-9775.953
83	55	-10142.542
82	56	-18367.01
81	57	-16155.939
80	58	-22370.94
79	59	-20075.087
78	60	-26980.447
77	61	-24272.231
76	62	-31397.093
75	63	-28803
74	64	-35741
73	65	1010
72	66	1010
88	51	3373.52
87	52	8.547
86	53	-2218.262
85	54	-5241.385
84	55	-9122.321
83	56	-13915.704
82	57	-17452.412
81	58	-19891
80	59	-21379.206
79	60	-24084.439
78	61	-25616.72
77	62	-28404.177
76	63	-30328
75	64	-32807
74	65	1010
73	66	1010
89	51	5614.84
88	52	-519.461
87	53	233.711
86	54	-6242.041
85	55	-4931.104
84	56	-12890.961
83	57	-12892.147
82	58	-21090.08
81	59	-18815.506
80	60	-25455.92
79	61	-22853.448
78	62	-29848.9
77	63	-27471.663
76	64	-34256
75	65	-31694
74	66	1010
73	67	1010
89	52	1829
88	53	-402.36
87	54	-3638.793
86	55	-5705.814
85	56	-8646.833
84	57	-12127.037
83	58	-16757.5
82	59	-20144.404
81	60	-22835.438
80	61	-24285.334
79	62	-26678.456
78	63	-28436.396
77	64	-31236.387
76	65	-33041
75	66	1010
74	67	1010
90	52	1083.27
89	53	2073.834
88	54	-4321.938
87	55	-3390.236
86	56	-9667.124
85	57	-8087.279
84	58	-15984.19
83	59	-15677.115
82	60	-23883.947
81	61	-21828.763
80	62	-28143.31
79	63	-25673.971
78	64	-32619.88
77	65	-29872
76	66	-37003
75	67	1010
74	68	1010
91	52	3484
90	53	1427.79
89	54	-1868.367
88	55	-4083.523
87	56	-7145.092
86	57	-8878.066
85	58	-11732.424
84	59	-15017.252
83	60	-19621.854
82	61	-23169.242
81	62	-25733.713
80	63	-27159.71
79	64	-29833.097
78	65	-31179.242
77	66	-33947
76	67	1010
75	68	1010
91	53	3806.71
90	54	-2497.095
89	55	-1570.407
88	56	-7885.898
87	57	-6459.553
86	58	-12786.154
85	59	-10943.16
84	60	-18748.433
83	61	-18571.964
82	62	-26794.479
81	63	-24802.216
80	64	-31342.623
79	65	-28391.099
78	66	-35462.569
77	67	-32901
76	68	1010
75	69	1010
92	53	3120.91
91	54	37.699
90	55	-2261.382
89	56	-5487.381
88	57	-7371.731
87	58	-10141.549
86	59	-11766.317
85	60	-14613.995
84	61	-17893.253
83	62	-22552.566
82	63	-25902.876
81	64	-28647.488
80	65	-30275.621
79	66	-32337.493
78	67	-34170
77	68	1010
76	69	1010
92	54	-827.069
91	55	55.49
90	56	-6233.283
89	57	-4757.695
88	58	-11027.29
87	59	-9075.505
86	60	-15652.455
85	61	-13631.39
84	62	-21519.746
83	63	-21500.548
82	64	-29859.983
81	65	-27335.962
80	66	-34088.038
79	67	-30773.206
78	68	-38373
77	69	1010
93	54	1306.97
92	55	-644.666
91	56	-3571.349
90	57	-5754.078
89	58	-8530.691
88	59	-10154.81
87	60	-13021.947
86	61	-14533.336
85	62	-17417.099
84	63	-20762.994
83	64	-25197.276
82	65	-28642.542
81	66	-31218.565
80	67	-32823.286
79	68	-35167.406
78	69	1010
94	54	424.84
93	55	1501.185
92	56	-4689.54
91	57	-3216.305
90	58	-9860.29
89	59	-7752.241
88	60	-14096.235
87	61	-12011.498
86	62	-18361.277
85	63	-16356.477
84	64	-24648.551
83	65	-24118.994
82	66	-32757.629
81	67	-29811.779
80	68	-36729.962
79	69	1010
78	70	1010
94	55	360
93	56	-2485.16
92	57	-4348.67
91	58	-7368.538
90	59	-9035.367
89	60	-11475.98
88	61	-12940.302
87	62	-15733.336
86	63	-17226.537
85	64	-20526.867
84	65	-23435.45
83	66	-28084.95
82	67	-31197.263
81	68	-33910
80	69	1010
79	70	1010
95	55	2636
94	56	-3688
93	57	-2127.1
92	58	-8454.119
91	59	-7035.228
90	60	-12956.646
89	61	-10403.03
88	62	-16893.722
87	63	-14665.14
86	64	-21374.953
85	65	-19395.071
84	66	-27460.905
83	67	-26609.477
82	68	-35208
81	69	-32434
80	70	1010
79	71	1010
96	55	2021
95	56	-1314
94	57	-3201.77
93	58	-6328.32
92	59	-8546.827
91	60	-11021.264
90	61	-12392.93
89	62	-14277.754
88	63	-15667.861
87	64	-18841.728
86	65	-20066.172
85	66	-23232.313
84	67	-26023.598
83	68	-30526.567
82	69	-33721.411
81	70	1010
80	71	1010
96	56	-1853
95	57	-833
94	58	-6899.3
93	59	-6221.614
92	60	-12694.916
91	61	-10345.704
90	62	-16112.777
89	63	-13266.401
88	64	-19743.28
87	65	-17549.496
86	66	-24314.749
85	67	-21910.39
84	68	-30145.362
83	69	-29274.892
82	70	-37824
81	71	1010
97	56	662
96	57	-1157
95	58	-4386.62
94	59	-6768.777
93	60	-10087.518
92	61	-12214.631
91	62	-14049.714
90	63	-15321.009
89	64	-17401.617
88	65	-18703.458
87	66	-21662.632
86	67	-22888.642
85	68	-25837.102
84	69	-28589
83	70	-33243
82	71	1010
81	72	1010
97	57	1155
96	58	-4734.97
95	59	-4188.28
94	60	-10573.5
93	61	-9871.99
92	62	-15709.795
91	63	-13173.524
90	64	-19131.681
89	65	-16180.373
88	66	-22937.277
87	67	-20288.02
86	68	-26976.984
85	69	-24249.118
84	70	-32653
83	71	1010
82	72	1010
98	57	698
97	58	-2499.42
96	59	-4227.615
95	60	-7778.744
94	61	-10523.488
93	62	-12966.474
92	63	-15077.866
91	64	-16898.944
90	65	-18249.52
89	66	-20285.303
88	67	-21709.605
87	68	-24362.311
86	69	-25560.149
85	70	-28222.18
84	71	-31390
83	72	1010
82	73	1010
98	58	-2819
97	59	-2025.86
96	60	-8124.93
95	61	-7851.724
94	62	-13768.158
93	63	-12522.446
92	64	-18521.224
91	65	-15839.052
90	66	-22031.65
89	67	-19016.041
88	68	-25925.851
87	69	-23039.493
86	70	-29686.527
85	71	-27159.648
84	72	1010
83	73	1010
99	58	-736
98	59	-2399.45
97	60	-5664.25
96	61	-8249.487
95	62	-11003.036
94	63	-13531.686
93	64	-15715.994
92	65	-17750.445
91	66	-19527.112
90	67	-20764.224
89	68	-22906.213
88	69	-24376.121
87	70	-27018.063
86	71	-28236
85	72	-31056
84	73	1010
83	74	1010
99	59	1
98	60	-6033.2
97	61	-5869.117
96	62	-11307.704
95	63	-10863.523
94	64	-16741.432
93	65	-15084.241
92	66	-21070.455
91	67	-18118.655
90	68	-24617.455
89	69	-21587.381
88	70	-28402.932
87	71	-25487.659
86	72	-32191
85	73	1010
84	74	1010
100	59	-769
99	60	-3652.87
98	61	-6019.336
97	62	-8892.091
96	63	-11362.67
95	64	-13940.642
94	65	-16250.637
93	66	-18478.33
92	67	-20081.88
91	68	-21966.625
90	69	-23287.519
89	70	-25524.685
88	71	-26947.846
87	72	-29351.681
86	73	-30877
85	74	1010
84	75	1010
100	60	-4187
99	61	-3894.18
98	62	-9122.239
97	63	-8934.185
96	64	-14613.624
95	65	-13572.009
94	66	-19627.65
93	67	-17220.246
92	68	-23503.67
91	69	-20434.437
90	70	-27095.234
89	71	-24310.055
88	72	-30907.118
87	73	-28321.24
86	74	1010
85	75	1010
101	60	-2176
100	61	-4170.82
99	62	-6771.706
98	63	-9373.352
97	64	-12116.007
96	65	-14437.198
95	66	-16868.467
94	67	-18779.011
93	68	-20772.527
92	69	-22202.58
91	70	-24273.154
90	71	-25852.224
89	72	-28013.764
88	73	-29357
87	74	-31961
86	75	1010
85	76	1010
101	61	-2278
100	62	-7191.78
99	63	-6896.3
98	64	-12586.691
97	65	-12145.859
96	66	-17941.384
95	67	-16119.215
94	68	-22173.818
93	69	-19454.22
92	70	-25699.199
91	71	-23043.121
90	72	-29437.547
89	73	-26546.025
88	74	-33212
87	75	1010
86	76	1010
102	61	-2720
101	62	-5071
100	63	-7276.49
99	64	-9995.675
98	65	-12682.908
97	66	-15325.955
96	67	-17319.649
95	68	-19410.5
94	69	-21031.087
93	70	-22879.542
92	71	-24618.645
91	72	-26705.146
90	73	-28121.357
89	74	-30160.329
88	75	-31930
87	76	1010
102	62	-5550
101	63	-5197
100	64	-10241.64
99	65	-10039.12
98	66	-16068.493
97	67	-14790.191
96	68	-20607.742
95	69	-18219.859
94	70	-24328.456
93	71	-21615.946
92	72	-28180.554
91	73	-25425.103
90	74	-31868.904
89	75	-29162.331
88	76	1010
87	77	1010
103	62	-3312
102	63	-5515
101	64	-8034
100	65	-10328.07
99	66	-13376.628
98	67	-15874.331
97	68	-17935.461
96	69	-19772.198
95	70	-21646.61
94	71	-23320.904
93	72	-25243.436
92	73	-27081.886
91	74	-28996.391
90	75	-30402
89	76	1010
88	77	1010
103	63	-3297
102	64	-8595.46
101	65	-8059.46
100	66	-13745.348
99	67	-13271.646
98	68	-19164.477
97	69	-17012.958
96	70	-23095.544
95	71	-20345.388
94	72	-26718.818
93	73	-24012.527
92	74	-30507.819
91	75	-27563.585
90	76	-34043
89	77	1010
88	78	1010
104	63	-3540
103	64	-6390
102	65	-8458.37
101	66	-11175.4
100	67	-13903.273
99	68	-16504.542
98	69	-18391.303
97	70	-20291.296
96	71	-22008.249
95	72	-23762.787
94	73	-25632.498
93	74	-27599
92	75	-29191
91	76	-31001.435
90	77	1010
89	78	1010
104	64	-6623
103	65	-6282.13
102	66	-11632.02
101	67	-11277.77
100	68	-17245.441
99	69	-15860.709
98	70	-21703.091
97	71	-19351.037
96	72	-25405.414
95	73	-22648.385
94	74	-29141.898
93	75	-26500.728
92	76	-32775.045
91	77	-30067.765
90	78	1010
105	64	-4368
104	65	-6540.18
103	66	-9459.18
102	67	-11649.506
101	68	-14521.221
100	69	-16827.37
99	70	-19018.61
98	71	-20758.981
97	72	-22508.459
96	73	-24333.783
95	74	-26217.552
94	75	-28049.644
93	76	-29787.845
92	77	-31415
91	78	1010
90	79	1010
105	65	-4306
104	66	-9745.02
103	67	-9391.02
102	68	-14938.378
101	69	-14357.487
100	70	-19839.975
99	71	-18089.119
98	72	-24002.58
97	73	-21387.443
96	74	-27638.218
95	75	-25073.502
94	76	-31353
93	77	-28444.11
92	78	1010
91	79	1010
106	65	-4577
105	66	-7534.44
104	67	-9739.38
103	68	-12586.384
102	69	-14976.999
101	70	-17366.559
100	71	-19255.724
99	72	-21283.552
98	73	-22945.193
97	74	-24819.56
96	75	-26669.984
95	76	-28368.042
94	77	-30046.996
93	78	-31824.288
92	79	1010
91	80	1010
106	66	-7913
105	67	-7517.61
104	68	-12830.407
103	69	-12752.789
102	70	-18091.783
101	71	-16626.92
100	72	-22407.198
99	73	-20182.141
98	74	-26322.062
97	75	-23742.495
96	76	-30026.26
95	77	-27217.459
94	78	-33487.779
93	79	1010
92	80	1010
107	66	-5562
106	67	-7773
105	68	-10585.61
104	69	-13089.051
103	70	-15864.884
102	71	-17593.872
101	72	-19834.146
100	73	-21453.085
99	74	-23619.738
98	75	-25393.272
97	76	-27163.868
96	77	-28940.995
95	78	-30518.134
94	79	-32247
93	80	1010
107	67	-5348
106	68	-10717.29
105	69	-10752
104	70	-16350.051
103	71	-15312.547
102	72	-20659.313
101	73	-18786.218
100	74	-24843.412
99	75	-22572.101
98	76	-28758.348
97	77	-25913.891
96	78	-32093
95	79	-29268.64
94	80	1010
108	67	-5692
107	68	-8539.78
106	69	-10901.99
105	70	-13956.632
104	71	-15898.402
103	72	-18229.934
102	73	-19823.902
101	74	-22221.568
100	75	-23992.765
99	76	-25979.51
98	77	-27593.923
97	78	-29026.32
96	79	-30848.587
95	80	1010
108	68	-8907.78
107	69	-8566.78
106	70	-14060.196
105	71	-13680.197
104	72	-18980.308
103	73	-17280.921
102	74	-23111.138
101	75	-21210.435
100	76	-27371.836
99	77	-24683.635
98	78	-30841.126
97	79	-27892.794
96	80	1010
95	81	1010
109	68	-6689
108	69	-8914.83
107	70	-11959.856
106	71	-14044.591
105	72	-16617.03
104	73	-18226.875
103	74	-20556.055
102	75	-22306.623
101	76	-24697.436
100	77	-26489.874
99	78	-28097.589
98	79	-29714.793
97	80	1010
96	81	1010
109	69	-6768.8
108	70	-12452.277
107	71	-11903.974
106	72	-17215
105	73	-16101.41
104	74	-21489.126
103	75	-19698.147
102	76	-25827.152
101	77	-23460.791
100	78	-29743.291
99	79	-26695.478
98	80	-33041
97	81	1010
96	82	1010
110	69	-6758
109	70	-10294.75
108	71	-12320.515
107	72	-14890.948
106	73	-16800.688
105	74	-19170.882
104	75	-20778.207
103	76	-23114.509
102	77	-24851.502
101	78	-26865.516
100	79	-28348.623
99	80	-29741.984
98	81	1010
97	82	1010
110	70	-10402.65
109	71	-10383.75
108	72	-15323.601
107	73	-14669.448
106	74	-20127.747
105	75	-18436.029
104	76	-24252.704
103	77	-22122.894
102	78	-28252.021
101	79	-25420.663
100	80	-31599.079
99	81	-28973.699
98	82	1010
111	70	-8170.13
110	71	-10474.692
109	72	-13188.138
108	73	-15286.845
107	74	-17811.266
106	75	-19644.315
105	76	-21613.29
104	77	-23346.338
103	78	-25528.427
102	79	-27089.816
101	80	-28523.426
100	81	-30991.706
99	82	1010
111	71	-8240.8
110	72	-13258.4
109	73	-12937.315
108	74	-18552.99
107	75	-17228.401
106	76	-22774.185
105	77	-20758.805
104	78	-26716.555
103	79	-24193.031
102	80	-30457.061
101	81	-27520.953
100	82	1010
112	71	-8453.468
111	72	-10987.12
110	73	-13185.29
109	74	-15988.87
108	75	-18403.879
107	76	-20335.042
106	77	-21971.574
105	78	-24043.798
104	79	-25670.639
103	80	-27148.418
102	81	-29612.481
101	82	1010
113	71	-6503.23
112	72	-11210.94
111	73	-10736.48
110	74	-16402.479
109	75	-15758.275
108	76	-21347.602
107	77	-19585.269
106	78	-25180.702
105	79	-22884.632
104	80	-29183.208
103	81	-26190.298
102	82	1010
101	83	1010
114	71	-6744.32
113	72	-9166.324
112	73	-11171.87
111	74	-13721.372
110	75	-16301.201
109	76	-18749.169
108	77	-20705.844
107	78	-22641.649
106	79	-24204.91
105	80	-25730.919
104	81	-28329.415
103	82	1010
102	83	1010
114	72	-9725.285
113	73	-9044.88
112	74	-14428.716
111	75	-13816.639
110	76	-19534.16
109	77	-17978.575
108	78	-23688.402
107	79	-21508.813
106	80	-27808.277
105	81	-24977.723
104	82	-32011.959
103	83	1010
102	84	1010
115	72	-7562.39
114	73	-9652.891
113	74	-12226.299
112	75	-14551.333
111	76	-17028.088
110	77	-19003.863
109	78	-20960.872
108	79	-22994.919
107	80	-24502.437
106	81	-27044.517
105	82	-28893.549
104	83	1010
103	84	1010
116	72	-8411.86
115	73	-7243.863
114	74	-12881.86
113	75	-12159.136
112	76	-18107.138
111	77	-16629.546
110	78	-22256.793
109	79	-19880.604
108	80	-26467.269
107	81	-23797.135
106	82	-30831.239
105	83	-27419.583
104	84	1010
117	72	-6405
116	73	-8065.89
115	74	-10541.628
114	75	-12902.346
113	76	-15581.729
112	77	-17914.288
111	78	-19600.221
110	79	-21606.91
109	80	-23325.774
108	81	-25757.906
107	82	-27637.438
106	83	-29040.166
105	84	1010
117	73	-5985.65
116	74	-11504.653
115	75	-10638.36
114	76	-16500.69
113	77	-15069.254
112	78	-21191.04
111	79	-18814.618
110	80	-25177
109	81	-22707.13
108	82	-29374.459
107	83	-26197.187
106	84	1010
118	73	-7017.27
117	74	-9338.089
116	75	-11506.224
115	76	-14082.793
114	77	-16368.044
113	78	-18262.135
112	79	-20327.54
111	80	-22133.359
110	81	-24547.323
109	82	-26313.599
108	83	-27960.377
107	84	1010
106	85	1010
119	73	-4918
118	74	-10157.47
117	75	-9022.02
116	76	-15270.96
115	77	-13655.041
114	78	-19551.571
113	79	-17548.294
112	80	-23774.823
111	81	-21598.392
110	82	-28109.12
109	83	-25114.332
108	84	1010
107	85	1010
119	74	-8076.94
118	75	-9981.14
117	76	-12827.845
116	77	-14979.498
115	78	-16813.191
114	79	-18955.661
113	80	-20922.637
112	81	-23384.072
111	82	-25097.388
110	83	-26946.705
109	84	-28365.917
108	85	1010
107	86	1010
120	74	-9080
119	75	-7495.88
118	76	-13742.18
117	77	-12384.248
116	78	-18129.369
115	79	-16344.72
114	80	-22454.334
113	81	-20514.688
112	82	-26814
111	83	-24108.68
110	84	-30083.004
109	85	1010
108	86	1010
120	75	-8325.18
119	76	-11115.909
118	77	-13355.282
117	78	-15533.004
116	79	-17649.261
115	80	-19665.039
114	81	-22103.233
113	82	-23982.921
112	83	-25808.649
111	84	-27136.019
110	85	-28661.383
109	86	1010
121	75	-6247.24
120	76	-11887.634
119	77	-10817.974
118	78	-16576.397
117	79	-15098.624
116	80	-21031.904
115	81	-19431.793
114	82	-25467.608
113	83	-23147.085
112	84	-28913.636
111	85	-25778.729
110	86	1010
122	75	-7133
121	76	-9757.1
120	77	-11612.135
119	78	-13995.109
118	79	-16283.989
117	80	-18528.581
116	81	-20769.396
115	82	-22865.796
114	83	-24768.674
113	84	-26024.878
112	85	-27537.125
111	86	1010
123	75	-5004
122	76	-10542
121	77	-9316.41
120	78	-14908.394
119	79	-13897.868
118	80	-19600.89
117	81	-18276.848
116	82	-24183.693
115	83	-22029.583
114	84	-27703
113	85	-24835.03
112	86	1010
123	76	-8360.04
122	77	-10120.883
121	78	-12392.03
120	79	-14696.552
119	80	-17349.146
118	81	-19453.318
117	82	-21687.279
116	83	-23582.023
115	84	-25012.391
114	85	-26442.134
113	86	1010
112	87	1010
124	76	-9100
123	77	-7847.8
122	78	-13161.488
121	79	-12427.974
120	80	-18151.38
119	81	-17140.099
118	82	-23023.677
117	83	-21040.387
116	84	-26375.347
115	85	-23900.243
114	86	1010
113	87	1010
125	76	-6982
124	77	-8649.15
123	78	-10788.57
122	79	-12997.126
121	80	-15745.963
120	81	-18089.895
119	82	-20604.58
118	83	-22343.305
117	84	-23844.086
116	85	-25432.156
115	86	-26976.451
114	87	1010
113	88	1010
126	76	-7619
125	77	-6317.91
124	78	-11594.576
123	79	-10992.023
122	80	-16440.578
121	81	-15878.508
120	82	-21712.176
119	83	-19929.088
118	84	-25078.791
117	85	-22719.1
116	86	-28551
115	87	1010
114	88	1010
126	77	-7091
125	78	-9368.24
124	79	-11623.395
123	80	-14232.494
122	81	-16644.08
121	82	-19513.979
120	83	-21141.987
119	84	-22664.034
118	85	-24232.677
117	86	-25903.623
116	87	-27107.592
115	88	1010
127	77	-3138
126	78	-9712
125	79	-9447.34
124	80	-14846.428
123	81	-14548.03
122	82	-20511.225
121	83	-18864.084
120	84	-23892.629
119	85	-21743.776
118	86	-27217.365
117	87	-24626.385
116	88	1010
127	78	-5966
126	79	-9643.31
125	80	-12669.259
124	81	-15176.982
123	82	-18388.119
122	83	-19896.031
121	84	-21489.316
120	85	-22953.611
119	86	-24732.768
118	87	-26119.325
117	88	1010
128	78	-5124
127	79	-5666.64
126	80	-12742.217
125	81	-13286.111
124	82	-19282.126
123	83	-17829.587
122	84	-22455.564
121	85	-20588.64
120	86	-25865.416
119	87	-23432.259
118	88	1010
117	89	1010
128	79	-4660.61
127	80	-8809.731
126	81	-13406.319
125	82	-17530
124	83	-18687.543
123	84	-20317.685
122	85	-21655.692
121	86	-23467.536
120	87	-24825.801
119	88	1010
118	89	1010
129	79	-1298.84
128	80	-7155.194
127	81	-9106.768
126	82	-17862.953
125	83	-16823.989
124	84	-21182.804
123	85	-19496.872
122	86	-24555.374
121	87	-22374.257
120	88	-27889.14
119	89	1010
118	90	1010
130	79	-2123
129	80	-3753.91
128	81	-7328.782
127	82	-13702.642
126	83	-17255.48
125	84	-19281.299
124	85	-20390.286
123	86	-22227.119
122	87	-23449.484
121	88	-25434.636
120	89	1010
119	90	1010
131	79	-549
130	80	-4758.49
129	81	-3640.607
128	82	-12000.904
127	83	-13464.952
126	84	-19625.699
125	85	-18459.061
124	86	-23081.361
123	87	-21190.13
122	88	-26441.45
121	89	-24027.012
120	90	1010
131	80	-3128.96
130	81	-4606.508
129	82	-8375.781
128	83	-11635.223
127	84	-15692.397
126	85	-18860.64
125	86	-21129.682
124	87	-22136.551
123	88	-24154.924
122	89	-25477.202
121	90	1010
132	80	-4140
131	81	-2965.89
130	82	-8898.407
129	83	-8306.954
128	84	-14540.022
127	85	-15165.885
126	86	-21469.371
125	87	-20118.729
124	88	-25130.936
123	89	-22924.345
122	90	1010
121	91	1010
133	80	-2398.82
132	81	-3867.526
131	82	-7486.117
130	83	-8940.786
129	84	-11148.888
128	85	-13966.788
127	86	-17700.705
126	87	-20527.334
125	88	-22986.919
124	89	-23893.081
123	90	1010
122	91	1010
134	80	-3414
133	81	-2131.18
132	82	-8206.404
131	83	-6973.429
130	84	-11984.444
129	85	-10862.79
128	86	-16946.231
127	87	-16902.163
126	88	-23327.665
125	89	-21795.968
124	90	-27043.752
123	91	1010
135	80	-1718
134	81	-3030
133	82	-6495.78
132	83	-7840.97
131	84	-10103.598
130	85	-11699.617
129	86	-13758.146
128	87	-16182.145
127	88	-19764.843
126	89	-22229.678
125	90	-24884.207
124	91	1010
136	80	-2748
135	81	-1244
134	82	-7462.81
133	83	-5799.043
132	84	-10979.253
131	85	-9565.728
130	86	-14931.205
129	87	-13264.192
128	88	-19295.799
127	89	-18710.463
126	90	-25329.474
125	91	1010
136	81	-2246
135	82	-5551.25
134	83	-6872.546
133	84	-9002.44
132	85	-10578.507
131	86	-12802.128
130	87	-14361.746
129	88	-16285.883
128	89	-18360.427
127	90	-21793.287
126	91	1010
125	92	1010
137	81	-531
136	82	-6563.59
135	83	-4710.578
134	84	-10041.358
133	85	-8296.791
132	86	-13896.126
131	87	-12374.525
130	88	-17635.684
129	89	-15597.124
128	90	-21575.654
127	91	1010
126	92	1010
137	82	-4594
136	83	-5745.6
135	84	-7857.205
134	85	-9404.365
133	86	-11626.681
132	87	-13411.777
131	88	-15451.828
130	89	-16790.925
129	90	-18739.533
128	91	-20574.056
127	92	1010
126	93	1010
138	82	-5690
137	83	-3682.98
136	84	-8978.256
135	85	-6984.727
134	86	-12588.537
133	87	-11310.913
132	88	-16716.214
131	89	-14765.398
130	90	-20158
129	91	-17836
128	92	1010
127	93	1010
138	83	-4726.24
137	84	-6766.073
136	85	-8190.806
135	86	-10288.526
134	87	-12258.606
133	88	-14748.237
132	89	-16092.242
131	90	-17744.763
130	91	-19053
129	92	-20936
128	93	1010
139	83	-2734.83
138	84	-8032.121
137	85	-5803.175
136	86	-11251.781
135	87	-10063.405
134	88	-15565.111
133	89	-14190.188
132	90	-19158
131	91	-16921
130	92	-22232
129	93	1010
140	83	-3780
139	84	-5846.36
138	85	-7187.323
137	86	-9031.499
136	87	-10722.89
135	88	-13431.289
134	89	-15254.29
133	90	-17132.895
132	91	-18304.855
131	92	-20149
130	93	1010
141	83	-1863
140	84	-7185.65
139	85	-4805.653
138	86	-10047.299
137	87	-8669.111
136	88	-13937.059
135	89	-13110.957
134	90	-18303.71
133	91	-16501.39
132	92	-21448
131	93	1010
141	84	-5040
140	85	-6137.23
139	86	-7992.468
138	87	-9556.643
137	88	-11975.031
136	89	-13890.157
135	90	-16153.117
134	91	-17640.638
133	92	-19363.926
132	93	1010
142	84	-6305
141	85	-3973.54
140	86	-9190.539
139	87	-7429.409
138	88	-12708.057
137	89	-11826.095
136	90	-16807.939
135	91	-15823.205
134	92	-20689
133	93	1010
143	84	-4257
142	85	-5193.94
141	86	-7077.598
140	87	-8451.156
139	88	-10601.768
138	89	-12602.096
137	90	-14677.191
136	91	-16688.485
135	92	-18708.079
134	93	1010
143	85	-3205.36
142	86	-8439.718
141	87	-6443.134
140	88	-11510.929
139	89	-10443.597
138	90	-15403.784
137	91	-14547.379
136	92	-19697.713
135	93	1010
134	94	1010
144	85	-4205.07
143	86	-6466.017
142	87	-7647.731
141	88	-9445.21
140	89	-11250.749
139	90	-13387.866
138	91	-15266.596
137	92	-17494.09
136	93	1010
135	94	1010
144	86	-7464.13
143	87	-5574.252
142	88	-10522.716
141	89	-9076.571
140	90	-14202.834
139	91	-13190.208
138	92	-18123.71
137	93	-16985.235
136	94	1010
135	95	1010
145	86	-5363.59
144	87	-6626.74
143	88	-8624.354
142	89	-9966.565
141	90	-12223.473
140	91	-13927.576
139	92	-16114.954
138	93	-17910.844
137	94	1010
136	95	1010
145	87	-4672.99
144	88	-9484.065
143	89	-7852.464
142	90	-12868.7
141	91	-11809.657
140	92	-16768
139	93	-15715.44
138	94	-20712
137	95	1010
136	96	1010
146	87	-5325.77
145	88	-7583.135
144	89	-8652.15
143	90	-10834.954
142	91	-12460.098
141	92	-14847.713
140	93	-16478.458
139	94	-18529
138	95	1010
137	96	1010
146	88	-8403.779
145	89	-6750.16
144	90	-11476.162
143	91	-10413.137
142	92	-15356.846
141	93	-14549.153
140	94	-19061
139	95	-18086
138	96	1010
137	97	1010
147	88	-6246.51
146	89	-7519.124
145	90	-9614.927
144	91	-10773.988
143	92	-13171.97
142	93	-15149.875
141	94	-17222.414
140	95	-18808
139	96	1010
138	97	1010
147	89	-5536.095
146	90	-10227.802
145	91	-8955.515
144	92	-13652.793
143	93	-13113.085
142	94	-17701
141	95	-16824.58
140	96	-21631
139	97	1010
148	89	-5882.29
147	90	-8476.437
146	91	-9535.667
145	92	-11795.45
144	93	-13453.001
143	94	-15676
142	95	-17582
141	96	-19599
140	97	1010
139	98	1010
148	90	-8850.55
147	91	-7695.114
146	92	-12212.961
145	93	-11589.024
144	94	-16019.343
143	95	-15574.365
142	96	-20240
141	97	1010
140	98	1010
149	90	-7063
148	91	-8197.64
147	92	-10442.049
146	93	-11923.517
145	94	-14123.117
144	95	-15997.875
143	96	-18183
142	97	-19829
141	98	1010
140	99	1010
149	91	-6649.37
148	92	-10882.726
147	93	-9989.827
146	94	-14438.74
145	95	-14075.679
144	96	-18633
143	97	-17754
142	98	1010
141	99	1010
150	91	-7027
149	92	-9258.24
148	93	-10470.73
147	94	-12577.847
146	95	-14354.884
145	96	-16690
144	97	-18354
143	98	-20371
142	99	1010
141	100	1010
150	92	-9839.82
149	93	-8851.24
148	94	-12936.031
147	95	-12398.322
146	96	-17003
145	97	-16397.75
144	98	-20955
143	99	1010
142	100	1010
151	92	-8004
150	93	-9222.64
149	94	-11322.857
148	95	-12669.903
147	96	-14992.591
146	97	-16778
145	98	-19015
144	99	-20521
143	100	1010
151	93	-7659.39
150	94	-11805.696
149	95	-11066.91
148	96	-15423.85
147	97	-14813.669
146	98	-19464
145	99	-18515
144	100	1010
152	93	-7949.05
151	94	-10139.383
150	95	-11424.147
149	96	-13829.122
148	97	-15318.296
147	98	-17504
146	99	-19139
145	100	1010
144	101	1010
152	94	-10627
151	95	-9600.87
150	96	-14239.72
149	97	-13653.375
148	98	-18077
147	99	-17206
146	100	1010
145	101	1010
153	94	-8937
152	95	-9993.08
151	96	-12423.819
150	97	-14038.743
149	98	-16406.564
148	99	-17751
147	100	-19742
146	101	1010
153	95	-8197.78
152	96	-12717
151	97	-12153.62
150	98	-16805
149	99	-16030.42
148	100	-20359
147	101	1010
146	102	1010
154	95	-8573.68
153	96	-10882.051
152	97	-12395.971
151	98	-14996
150	99	-16640
149	100	-18559
148	101	1010
147	102	1010
154	96	-11233.236
153	97	-10431.053
152	98	-15272
151	99	-14814
150	100	-19218
149	101	-18132
148	102	1010
155	96	-9343.88
154	97	-10639.27
153	98	-13183.219
152	99	-15149.623
151	100	-17422.904
150	101	-18958
149	102	1010
148	103	1010
156	96	-10038
155	97	-8779.35
154	98	-13334
153	99	-12920.756
152	100	-17957
151	101	-17196
150	102	1010
149	103	1010
156	97	-9350.69
155	98	-11353.9
154	99	-13081.912
153	100	-15761
152	101	-17818
151	102	-19511
150	103	1010
149	104	1010
157	97	-7784.85
156	98	-12095.853
155	99	-10968.06
154	100	-15749
153	101	-15560.12
152	102	-20156
151	103	1010
150	104	1010
157	98	-10346.7
156	99	-11400.97
155	100	-13516.376
154	101	-15658.216
153	102	-17912.066
152	103	-19752
151	104	1010
150	105	1010
158	98	-11094
157	99	-9859.62
156	100	-14109
155	101	-13410.36
154	102	-18191.67
153	103	-17594.086
152	104	1010
151	105	1010
158	99	-10539.86
157	100	-12396.23
156	101	-13952.712
155	102	-15840
154	103	-17867
153	104	-20008
152	105	1010
159	99	-8928
158	100	-13172
157	101	-12278
156	102	-16409
155	103	-15582.06
154	104	-20299
153	105	1010
152	106	1010
159	100	-11434
158	101	-12768
157	102	-14639
156	103	-16157
155	104	-17989
154	105	1010
153	106	1010
160	100	-12066
159	101	-11070
158	102	-15314
157	103	-14208
156	104	-18792
155	105	-17713
154	106	1010
153	107	1010
160	101	-11675
159	102	-13540
158	103	-14943
157	104	-16812
156	105	-18452
155	106	1010
154	107	1010
161	101	-10128
160	102	-14318
159	103	-13188
158	104	-17421
157	105	-16433.82
156	106	-21100
155	107	1010
161	102	-12574
160	103	-13734
159	104	-15604
158	105	-17037
157	106	-19087
156	107	1010
155	108	1010
162	102	-13236
161	103	-12160
160	104	-16323
159	105	-15148
158	106	-19902
157	107	1010
156	108	1010
162	103	-12697
161	104	-14564
160	105	-15845
159	106	-16841
158	107	-19504
157	108	1010
156	109	1010
163	103	-10598
162	104	-15428
161	105	-14188
160	106	-18581
159	107	-17597.89
158	108	1010
157	109	1010
163	104	-13184
162	105	-14865
161	106	-16661
160	107	-18277
159	108	-20169
158	109	1010
157	110	1010
164	104	-13406
163	105	-12700
162	106	-17449
161	107	-16473
160	108	-21275
159	109	1010
158	110	1010
164	105	-12833
163	106	-15095
162	107	-17313
161	108	-19343
160	109	-20750
159	110	1010
165	105	-10588
164	106	-15458
163	107	-14747
162	108	-20203
161	109	-19077
160	110	1010
165	106	-12866
164	107	-14743
163	108	-17681
162	109	-19877
161	110	1010
166	106	-13789
165	107	-12441
164	108	-17850
163	109	-17240
162	110	1010
161	111	1010
167	106	-12115
166	107	-13283
165	108	-15272
164	109	-17583
163	110	1010
162	111	1010
167	107	-11436
166	108	-16238
165	109	-15001
164	110	-19741
163	111	1010
168	107	-12425
167	108	-14029
166	109	-15901
165	110	-17161
164	111	1010
168	108	-15016
167	109	-14109
166	110	-18218
165	111	1010
164	112	1010
169	108	-13275
168	109	-14993
167	110	-16167
166	111	1010
165	112	1010
169	109	-13086
168	110	-17348
167	111	-16065
166	112	1010
165	113	1010
170	109	-14130
169	110	-15185
168	111	-16999
167	112	1010
166	113	1010
170	110	-16312
169	111	-15227
168	112	-19338
167	113	1010
171	110	-14476
170	111	-16312
169	112	-17264
168	113	1010
171	111	-14306
170	112	-18409
169	113	1010
172	111	-15399
171	112	-16339
170	113	1010
172	112	-17555
171	113	1010
173	112	-15633
172	113	1010
171	114	1010
173	113	-1888
172	114	1010
174	113	-16379
173	114	1010
172	115	1010
174	114	1010
173	115	1010
175	114	-16408
174	115	1010
173	116	1010
175	115	-2480
174	116	1010
176	115	-17159
175	116	1010
174	117	1010
176	116	1010
175	117	1010
177	116	-17119
176	117	1010
175	118	1010
177	117	1010
176	118	1010
177	118	1010
		
		
