6	2	1	86.20689655	13.79310345	0	0	0
6	3	1	66.31299735	33.68700265	0	0	0
8	4	0	0		0		0	0	0
10	4	1	55.24861878	44.75138122	0.02688	0	0
12	5	1	61.34969325	38.65030675	0.06183	0.01967	0.002248454
10	6	1	50.25125628	49.74874372	0	0	0
11	6	1	75.75757576	24.24242424	0	0	0
12	6	1	76.04562738	23.95437262	0	0	0
14	6	1	58.13953488	41.86046512	0	0	0
16	6	1	62.11180124	37.88819876	0	0	0
10	7	1	51.25576627	48.74423373	0	0	0
11	7	1	87.48906387	12.51093613	0	0	0
12	7	1	64.68305304	35.31694696	0	0	0
13	7	1	63.69426752	36.30573248	0	0	0
14	7	1	55.24861878	44.75138122	0	0	0
14	7	1	52.49343832	47.50656168	0	0	0
15	7	1	73.52941176	26.47058824	0	0	0
14	8	0	0		0		0	0	0
15	8	1	76.33587786	23.66412214	0	0	0
16	8	1	63.29113924	36.70886076	0	0	0
13	9	0	0		0		0	0	0
15	9	0	0		0		0	0	0
16	9	1	81.23476848	18.76523152	0	0	0
17	9	1	90.09009009	9.90990991	0	0	0
17	9	1	90.09009009	9.90990991	0	0	0
18	9	1	56.49717514	43.50282486	0	0	0
20	9	1	50		50		0	0	0
16	10	1	99.87016878	0.129831219	0	0	0
17	10	1	98.03921569	1.960784314	0	0	0
18	10	1	89.36550492	10.63449508	0.03117	0	0
19	10	1	78.125		21.875		0.03030	0	0
20	10	1	88.49557522	11.50442478	0.07301	0	0
16	11	1	99.87016878	0.129831219	0	0	0
17	11	1	99.4233446	0.576655399	0	0	0
18	11	1	82.30452675	17.69547325	0.00938	0	0
19	11	1	76.92307692	23.07692308	0	0	0
20	11	1	72.99270073	27.00729927	0.00631	0	0
21	11	1	80.64516129	19.35483871	0.06061	0	0
22	11	1	68.02721088	31.97278912	0.08125	0	0
23	11	0	0		0		0	0	0
19	12	1	98.32841691	1.671583088	0	0	0
20	12	1	97.65625	2.34375		0	0	0
21	12	1	85.47008547	14.52991453	0	0	0
23	12	1	65.78947368	34.21052632	0	0	0
19	13	1	99.30486594	0.695134062	0	0	0
20	13	1	92.16589862	7.834101382	0	0	0
21	13	1	78.74015748	21.25984252	0	0	0
22	13	1	60.60606061	39.39393939	0	0	0
23	13	0	0		0		0	0	0
22	14	0	0		0		0	0	0
23	14	1	85.47008547	14.52991453	0	0	0
23	15	1	89.28571429	10.71428571	0	0	0
24	15	1	79.36507937	20.63492063	0	0	0
25	15	1	86.35578584	13.64421416	0	0	0
26	15	1	76.92307692	23.07692308	0	0	0
27	15	1	66.66666667	33.33333333	0	0	0
27	16	1	71.42857143	28.57142857	0	0	0
28	16	1	84.74576271	15.25423729	0	0	0
29	16	1	64.93506494	35.06493506	0	0	0
27	17	0	0		0		0	0	0
28	17	1	80.64516129	19.35483871	0	0	0
29	17	1	62.5		37.5		0	0	0
30	17	0	0		0		0	0	0
29	18	0	0		0		0	0	0
31	18	1	60.60606061	39.39393939	0	0	0
29	19	1	98.87284952	1.127150484	0	0	0
30	19	1	53.76344086	46.23655914	0	0	0
31	19	1	77.51937984	22.48062016	0	0	0
32	19	1	68.02721088	31.97278912	0	0	0
33	19	0	0		0		0	0	0
34	19	0	0		0		0	0	0
32	20	0	0		0		0	0	0
33	20	0	0		0		0	0	0
38	23	0	0		0		0	0	0
40	23	0	0		0		0	0	0
39	25	1	75.18796992	24.81203008	0	0	0
45	27	0	0		0		0	0	0
47	27	0	0		0		0	0	0
45	29	0	0		0		0	0	0
46	29	1	96.61835749	3.381642512	0	0	0
47	29	1	97.08737864	2.912621359	0	0	0
49	29	1	60.60606061	39.39393939	0	0	0
50	29	1	64.51612903	35.48387097	0	0	0
49	30	1	98.71668312	1.283316881	0	0	0
50	30	1	99.00990099	0.99009901	0	0	0
51	30	1	93.02325581	6.976744186	0	0	0
48	31	1	99.91107914	0.08892086	0	0	0
49	31	1	99.14733294	0.852667063	0	0	0
50	31	1	89.36550492	10.63449508	0	0	0
51	31	1	83.47245409	16.52754591	0	0	0
52	31	1	61.42506143	38.57493857	0	0	0
53	31	1	58.82352941	41.17647059	0	0	0
52	32	1	90.74410163	9.255898367	0	0	0
53	32	1	87.71929825	12.28070175	0	0	0
51	33	1	99.82032342	0.179676582	0	0	0
52	33	1	62.73525721	37.26474279	0	0	0
53	33	1	75.18796992	24.81203008	0	0	0
54	33	1	86.65511265	13.34488735	0	0	0
53	34	1	99.8003992	0.199600798	0	0	0
54	34	1	99.33445912	0.665540876	0	0	0
54	34	1	99.33445912	0.665540876	0	0	0
55	34	1	92.76437848	7.235621521	0	0	0
57	34	1	82.6446281	17.3553719	0	0	0
52	35	1	97.46588694	2.53411306	0	0	0
53	35	1	93.82623381	6.173766185	0	0	0
54	35	1	87.87346221	12.12653779	0	0	0
55	35	1	79.87220447	20.12779553	0	0	0
56	35	1	83.33333333	16.66666667	0	0	0
57	35	1	75.13148009	24.86851991	0	0	0
58	35	1	59.52380952	40.47619048	0	0	0
59	35	1	59.52380952	40.47619048	0	0	0
60	35	1	74.62686567	25.37313433	0	0	0
56	36	1	99.96681102	0.033188981	0	0	0
57	36	1	98.08729769	1.912702305	0	0	0
58	36	1	98.90218574	1.097814262	0	0	0
59	36	1	97.21007096	2.789929037	0	0	0
60	36	1	96.43201543	3.567984571	0	0	0
62	36	1	93.45794393	6.542056075	0	0	0
55	37	1	99.98930114	0.010698855	0	0	0
56	37	1	98.62905612	1.37094388	0	0	0
57	37	1	90.49773756	9.502262443	0	0	0
58	37	1	91.99632015	8.003679853	0	0	0
59	37	1	88.26125331	11.73874669	0	0	0
60	37	1	79.6812749	20.3187251	0	0	0
61	37	1	87.87346221	12.12653779	0.00045	0	0
62	37	1	86.28127696	13.71872304	0	0	0
63	37	1	94.33962264	5.660377358	0.00151	0	0
64	37	1	78.125		21.875		0	0	0
65	37	1	84.74576271	15.25423729	0	0	0
59	38	0	0		0		0	0	0
60	38	1	99.75062344	0.249376559	0	0	0
61	38	1	99.9000999	0.0999001	0	0	0
62	38	1	99.22603691	0.773963088	0	0	0
63	38	1	97.68486861	2.315131386	0	0	0
64	38	1	94.78672986	5.213270142	0	0	0
58	39	1	99.94503023	0.054969767	0	0	0
58	39	0	0		0		0	0	0
59	39	1	99.670092	0.329908005	0	0	0
59	39	0	0		0		0	0	0
60	39	1	98.13542689	1.864573111	0	0	0
61	39	1	99.08838684	0.911613159	0	0	0
62	39	1	98.09691976	1.903080243	0	0	0
63	39	1	95.32888465	4.671115348	0	0	0
64	39	1	92.59259259	7.407407407	0	0	0
63	41	1	99.94003598	0.059964022	0	0	0
63	41	1	99.95002499	0.049975012	0	0	0
64	41	1	98.32841691	1.671583088	0	0	0
65	41	1	95.6937799	4.306220096	0	0	0
67	41	1	94.16195857	5.838041431	0	0	0
68	41	1	76.33587786	23.66412214	0	0	0
69	41	1	71.42857143	28.57142857	0	0	0
66	43	1	99.92006395	0.079936051	0	0	0
67	43	1	99.96		0.04		0	0	0
68	43	1	99.15716411	0.842835895	0	0	0
70	43	1	97.94319295	2.056807052	0	0	0
73	45	1	96.99321048	3.006789525	0	0	0
74	45	1	93.98496241	6.015037594	0	0	0
75	45	0	0		0		0	0	0
75	46	0	0		0		0	0	0
76	46	0	0		0		0	0	0
73	47	0	0		0		0	0	0
74	47	1	99.92006395	0.079936051	0	0	0
75	47	1	99.81397396	0.186026044	0	0	0
76	47	1	99.45300845	0.546991546	0	0	0
77	47	1	98.71668312	1.283316881	0	0	0
82	48	1	96.61835749	3.381642512	0	0	0
83	48	1	96.61835749	3.381642512	0	0	0
84	48	1	62.5		37.5		0	0	0
78	49	0	0		0		0	0	0
78	49	1	99.31472837	0.685271626	0	0	0
79	49	0	0		0		0	0	0
79	49	0	0		0		0	0	0
80	49	1	99.75062344	0.249376559	0	0	0
80	49	0	0		0		0	0	0
81	49	1	99.07856931	0.921430695	0	0	0
81	49	1	98.37678308	1.623216921	0	0	0
81	49	1	98.37678308	1.623216921	0	0	0
82	49	0	0		0		0	0	0
82	49	0	0		0		0	0	0
82	49	0	0		0		0	0	0
83	49	1	94.07337723	5.926622766	0	0	0
84	49	1	54.05405405	45.94594595	0	0	0
85	49	1	60.60606061	39.39393939	0	0	0
86	49	0	0		0		0	0	0
83	50	1	99.92006395	0.079936051	0	0	0
84	50	1	85.47008547	14.52991453	0	0	0
85	50	1	82.6446281	17.3553719	0	0	0
86	50	1	76.92307692	23.07692308	0	0	0
87	50	1	63.29113924	36.70886076	0	0	0
83	51	1	99.91207737	0.087922628	0	0	0
84	51	1	81.96721311	18.03278689	0	0	0
85	51	1	85.98452279	14.01547721	0	0	0
86	51	1	67.11409396	32.88590604	0	0	0
84	52	1	98.7069391	1.293060902	0	0	0
85	52	1	97.09680552	2.903194485	0	0	0
86	52	1	94.07337723	5.926622766	0	0	0
84	53	1	93.33582229	6.664177711	0	0	0
85	53	1	94.73285335	5.267146646	0	0	0
86	53	1	90.90909091	9.090909091	0	0	0
87	53	1	91.49130833	8.508691674	0	0	0
88	53	1	82.50825083	17.49174917	0	0	0
87	54	1	99.95601935	0.043980649	0	0	0
88	54	1	99.59564169	0.404358305	0	0	0
91	54	1	95.23809524	4.761904762	0	0	0
93	54	0	0		0		0	0	0
86	55	1	99.96501225	0.034987754	0	0	0
87	55	1	99.91008093	0.089919073	0	0	0
88	55	1	98.38646202	1.613537977	0	0	0
89	55	1	97.059109	2.940891003	0	0	0
90	55	1	87.18395815	12.81604185	0	0	0
91	55	1	87.56567426	12.43432574	0	0	0
92	55	1	77.82101167	22.17898833	0	0	0
93	55	1	79.93605116	20.06394884	0	0	0
91	56	1	99.94003598	0.059964022	0	0	0
92	56	1	99.60159363	0.398406375	0	0	0
93	56	1	99.57184108	0.428158917	0	0	0
90	57	1	99.9590168	0.040983197	0	0	0
91	57	1	99.85022466	0.149775337	0	0	0
92	57	1	98.5901607	1.409839298	0	0	0
93	57	1	97.37098345	2.629016553	0	0	0
129	81	1	99.99300049	0.00699951	0	0	0


