N	Z	Q(b3n)
1	0	1010
0	1	1010
1	1	1010
2	1	1010
1	2	1010
0	3	1010
3	1	1010
2	2	1010
1	3	1010
4	1	1010
3	2	-32666.693
2	3	1010
1	4	1010
5	1	-3526.828
4	2	1010
3	3	1010
2	4	1010
1	5	1010
6	1	11083.91
5	2	-29463.399
4	3	-40908.653
3	4	1010
2	5	1010
6	2	-11446.122
5	3	1010
4	4	-57266.006
3	5	1010
2	6	1010
7	2	-8690.256
6	3	-21181.35
5	4	-32305.635
4	5	1010
3	6	1010
8	2	3646.772
7	3	-9315.214
6	4	1010
5	5	-39551.904
4	6	1010
3	7	1010
8	3	117.387
7	4	-30949.736
6	5	-36265.722
5	6	1010
4	7	1010
9	3	1447.843
8	4	-18152.457
7	5	1010
6	6	-53592.742
5	7	1010
4	8	1010
10	3	17074.773
9	4	-11215.353
8	5	-27101.38
7	6	-39097.162
6	7	1010
5	8	1010
10	4	-110.927
9	5	-15658.248
8	6	1010
7	7	-43458.91
6	8	1010
5	9	1010
11	4	6221.94
10	5	-3532.826
9	6	-34843.895
8	7	-39541.636
7	8	1010
6	9	1010
12	4	15151.962
11	5	2285.822
10	6	-19509.789
9	7	1010
8	8	-54256.816
7	9	1010
6	10	1010
12	5	13611.958
11	6	-12013.167
10	7	-26685.181
9	8	-33753.205
8	9	1010
7	10	1010
13	5	13964.998
12	6	-6058.324
11	7	-17546.606
10	8	1010
9	9	-40396.68
8	10	1010
7	11	1010
14	5	17648.56
13	6	-2031.969
12	7	-11115.236
11	8	-34940.338
10	9	1010
9	10	1010
8	11	1010
7	12	1010
15	5	18463.84
14	6	1700.47
13	7	-10460.008
12	8	-27369.678
11	9	-43818.763
10	10	-47704.495
9	11	1010
8	12	1010
16	5	23360.42
15	6	5543.55
14	7	-985.493
13	8	-23699.844
12	9	-32658.763
11	10	1010
10	11	-50279.662
9	12	1010
8	13	1010
16	6	10452.169
15	7	1735.613
14	8	-17910.044
13	9	-25692.099
12	10	-47877.956
11	11	1010
10	12	1010
9	13	1010
8	14	1010
17	6	15225.35
16	7	8916.47
15	8	-13894.014
14	9	-20242.454
13	10	-38637.042
12	11	-54297.998
11	12	-48061.335
10	13	1010
9	14	1010
17	7	12643.54
16	8	-7395.024
15	9	-17090.013
14	10	-31779.753
13	11	-45184.649
12	12	1010
11	13	-48554.968
10	14	1010
9	15	1010
18	7	21039.95
17	8	-1119.14
16	9	-6955.605
15	10	-25612.459
14	11	-35015.526
13	12	-57735.476
12	13	-49442.496
11	14	1010
10	15	1010
18	8	5456.596
17	9	-2619.025
16	10	-18610.495
15	11	-28109.464
14	12	-49146.563
13	13	1010
12	14	-54956
11	15	1010
10	16	1010
19	8	10216.28
18	9	4103.419
17	10	-12806.941
16	11	-21782.271
15	12	-41580.087
14	13	-55288.709
13	14	-48706.928
12	15	1010
11	16	1010
20	8	13730.29
19	9	7795.441
18	10	-5715.386
17	11	-18096.125
16	12	-33447.85
15	13	-46878.186
14	14	1010
13	15	-51735.945
12	16	1010
11	17	1010
20	9	12791.92
19	10	-1650.605
18	11	-7349.644
17	12	-27424.747
16	13	-37263.833
15	14	-59135.248
14	15	-49708.043
13	16	1010
12	17	1010
21	9	14325.16
20	10	2146.143
19	11	-3258.433
18	12	-19495.305
17	13	-29496.212
16	14	-50823.852
15	15	1010
14	16	-58283
13	17	1010
12	18	1010
22	9	18765.98
21	10	4843.887
20	11	133.742
19	12	-13371.561
18	13	-22257.36
17	14	-41720.215
16	15	-55693.766
15	16	-50845.401
14	17	1010
13	18	1010
22	10	8166.48
21	11	2350.785
20	12	-9034.639
19	13	-17852.532
18	14	-34359.582
17	15	-47954.5
16	16	1010
15	17	-50040.323
14	18	1010
13	19	1010
23	10	12152.98
22	11	6438.95
21	12	-6329.243
20	13	-10303.467
19	14	-27956.399
18	15	-38692.712
17	16	-57790.367
16	17	-49667.044
15	18	1010
14	19	1010
24	10	15218.01
23	11	8461.8
22	12	-3003.431
21	13	-6551.012
20	14	-23302.56
19	15	-31741.116
18	16	-49073.655
17	17	1010
16	18	-57139
15	19	1010
14	20	1010
24	11	14259.96
23	12	-415.023
22	13	-2833.984
21	14	-16810.458
20	15	-27155.004
19	16	-42009.517
18	17	-52906.88
17	18	-46232.519
16	19	1010
15	20	1010
25	11	15340.94
24	12	3841.874
23	13	-124.743
22	14	-12567.045
21	15	-21717.424
20	16	-36682.157
19	17	-46596.358
18	18	1010
17	19	-48250.915
16	20	1010
15	21	1010
26	11	19087.72
25	12	5550.37
24	13	3723.731
23	14	-8189.953
22	15	-15079.954
21	16	-29479.959
20	17	-39612.973
19	18	-55856.389
18	19	-48018.133
17	20	1010
16	21	1010
26	12	8236.07
25	13	4424.457
24	14	-6169.783
23	15	-11986.559
22	16	-25553.67
21	17	-32702.927
20	18	-49541.386
19	19	1010
18	20	-53422
17	21	1010
16	22	1010
27	12	10091.97
26	13	7075.52
25	14	-2899.595
24	15	-8674.187
23	16	-20621.204
22	17	-28290.702
21	18	-42282.63
20	19	-53352.758
19	20	-48649.992
18	21	1010
17	22	1010
28	12	12936.53
27	13	8253.52
26	14	-1872.337
25	15	-7224.889
24	16	-16982.013
23	17	-24620.628
22	18	-36803.713
21	19	-46739.626
20	20	1010
19	21	-49487.95
18	22	1010
17	23	1010
28	13	11182.63
27	14	985.615
26	15	-4058.99
25	16	-15446.389
24	17	-18570.453
23	18	-31593.342
22	19	-39337.946
21	20	-56869.806
20	21	-48104.874
19	22	1010
18	23	1010
29	13	12564.51
28	14	2816.41
27	15	-1721.535
26	16	-13756.366
25	17	-17496.394
24	18	-28579.869
23	19	-33796.713
22	20	-50053.54
21	21	1010
20	22	-54097
19	23	1010
18	24	1010
30	13	17052.97
29	14	4457.01
28	15	1887.315
27	16	-10655.582
26	17	-15330.649
25	18	-24731.169
24	19	-29867.874
23	20	-44277.035
22	21	-53246.196
21	22	-48318.728
20	23	1010
19	24	1010
30	14	7002.58
29	15	3202.12
28	16	-7711.294
27	17	-13460.845
26	18	-23493.063
25	19	-29675.684
24	20	-39761.49
23	21	-48261.947
22	22	1010
21	23	-45871
20	24	1010
19	25	1010
31	14	10569.67
30	15	6207.38
29	16	-4715.052
28	17	-9907.38
27	18	-20664.559
26	19	-23881.326
25	20	-36602.175
24	21	-41841.725
23	22	-57099.402
22	23	1010
21	24	1010
20	25	1010
19	26	1010
31	15	7814.72
30	16	-2364.83
29	17	-7677.268
28	18	-18852.548
27	19	-23277.087
26	20	-34730.427
25	21	-38384.614
24	22	-52049.254
23	23	-60496.071
22	24	-53892
21	25	1010
20	26	1010
32	15	13534.43
31	16	1253.63
30	17	-3745.22
29	18	-15384.454
28	19	-19923.183
27	20	-30417.433
26	21	-34627.81
25	22	-46878.489
24	23	-54883.634
23	24	1010
22	25	-54854
21	26	1010
20	27	1010
32	16	5785.18
31	17	-426.62
30	18	-11407.3
29	19	-16915.368
28	20	-29149.169
27	21	-32851.136
26	22	-42389.076
25	23	-50040.874
24	24	-63058.222
23	25	1010
22	26	1010
21	27	1010
20	28	1010
33	16	9758.67
32	17	5067.55
31	18	-7420.12
30	19	-11553.066
29	20	-24662.402
28	21	-28349.663
27	22	-39084.266
26	23	-43948.7
25	24	-58177.885
24	25	-63563.011
23	26	-51526
22	27	1010
21	28	1010
33	17	8366.35
32	18	-2835.77
31	19	-8584.914
30	20	-20562.66
29	21	-25198.743
28	22	-36158.355
27	23	-40354.057
26	24	-52603.907
25	25	-60497.601
24	26	-53523
23	27	-51422
22	28	1010
34	17	10372.38
33	18	848.2
32	19	-3731.27
31	20	-16971.246
30	21	-20069.296
29	22	-31601.124
28	23	-36798.65
27	24	-47587.949
26	25	-55745.405
25	26	-49187.187
24	27	-52757
23	28	1010
34	18	3607.99
33	19	-904.72
32	20	-13169.373
31	21	-16916.811
30	22	-26922.304
29	23	-33525.813
28	24	-43652.495
27	25	-50967.861
26	26	1010
25	27	-45546
24	28	1010
23	29	1010
35	18	7151.77
34	19	3082.54
33	20	-9848.94
32	21	-12457.318
31	22	-22822.45
30	23	-27227.327
29	24	-39925.029
28	25	-44857.351
27	26	-59108.226
26	27	-47255.803
25	28	1010
24	29	1010
35	19	6280.62
34	20	-6867.55
33	21	-9991.896
32	22	-19234.876
31	23	-23995.099
30	24	-35791.484
29	25	-41030.277
28	26	-53864.547
27	27	1010
26	28	-54662
25	29	1010
24	30	1010
36	19	8880.21
35	20	-3708.55
34	21	-5535.409
33	22	-16186.69
32	23	-19298.447
31	24	-30653.488
30	25	-37091.248
29	26	-48930.649
28	27	-56119.064
27	28	-47975.825
26	29	1010
25	30	1010
37	19	10952.89
36	20	-1492.8
35	21	-3520.82
34	22	-12726.29
33	23	-16529.137
32	24	-25949.22
31	25	-33442.613
30	26	-43413.734
29	27	-51687.519
28	28	1010
27	29	-48013
26	30	1010
25	31	1010
37	20	783.4
36	21	-496.92
35	22	-9513.218
34	23	-12908.459
33	24	-22331.518
32	25	-26395.761
31	26	-39436.552
30	27	-45191.359
29	28	-59988.457
28	29	-51645
27	30	1010
26	31	1010
38	20	2507.57
37	21	805.1
36	22	-7543.78
35	23	-11225.493
34	24	-19639.446
33	25	-23580.023
32	26	-34687.499
31	27	-39905.285
30	28	-54047.019
29	29	1010
28	30	-57617
27	31	1010
26	32	1010
38	21	3294.92
37	22	-5327.34
36	23	-8031.515
35	24	-17001.87
34	25	-20486.057
33	26	-30223.764
32	27	-35276.651
31	28	-48541.496
30	29	-56622.777
29	30	-49529
28	31	1010
27	32	1010
39	21	4233.3
38	22	-3665.02
37	23	-6369.39
36	24	-14310.868
35	25	-18343.833
34	26	-27766.595
33	27	-32594.287
32	28	-42832.032
31	29	-51559.029
30	30	1010
29	31	-51302
28	32	1010
27	33	1010
40	21	6410.47
39	22	-1503.55
38	23	-4337.01
37	24	-12391.627
36	25	-15040.698
35	26	-24544.611
34	27	-28130.421
33	28	-39428.228
32	29	-45102.514
31	30	-58477.149
30	31	-51256
29	32	1010
28	33	1010
40	22	-276
39	23	-3143.59
38	24	-10667.52
37	25	-13807.17
36	26	-22245.414
35	27	-25984.061
34	28	-37467.166
33	29	-40996.865
32	30	-52593.066
31	31	-41847
30	32	-56928
29	33	1010
41	22	2065
40	23	-508.55
39	24	-8621.121
38	25	-10946.972
37	26	-19744.282
36	27	-22889.228
35	28	-32303.083
34	29	-38467.237
33	30	-48337.199
32	31	-41208.876
31	32	-51285
30	33	1010
41	23	1176.76
40	24	-7133.21
39	25	-9911.09
38	26	-17604.467
37	27	-21050.659
36	28	-30811.125
35	29	-35864.814
34	30	-44256.979
33	31	1010
32	32	-49420
31	33	1010
30	34	1010
42	23	3611.73
41	24	-4702.55
40	25	-7572.436
39	26	-15423.804
38	27	-17794.836
37	28	-27584.465
36	29	-31427.019
35	30	-40863.34
34	31	-46181.742
33	32	-41029.165
32	33	1010
31	34	1010
43	23	4791.34
42	24	-2983.64
41	25	-6875.837
40	26	-13484.516
39	27	-16511.269
38	28	-25862.875
37	29	-29597.047
36	30	-39368.29
35	31	-41829.2
34	32	-40113.956
33	33	-45869
32	34	1010
43	24	-641.56
42	25	-4039.38
41	26	-12157.995
40	27	-13391.486
39	28	-23848.011
38	29	-26671.902
37	30	-33998.841
36	31	-39827.312
35	32	1010
34	33	-44034.936
33	34	1010
32	35	1010
44	24	1058.74
43	25	-2165.59
42	26	-9879.017
41	27	-12258.167
40	28	-21626.55
39	29	-25202.708
38	30	-32804.03
37	31	-37301.817
36	32	-44680.351
35	33	-37977.077
34	34	1010
33	35	1010
44	25	803.85
43	26	-8118.44
42	27	-9051.107
41	28	-19115.876
40	29	-22191.963
39	30	-29970.3
38	31	-33129.006
37	32	-42397.06
36	33	1010
35	34	-42401.236
34	35	1010
33	36	1010
45	25	1159.47
44	26	-5839.75
43	27	-8816.603
42	28	-17443.108
41	29	-20644.663
40	30	-27922.588
39	31	-31640.476
38	32	-41195.42
37	33	-42880.023
36	34	-43688.272
35	35	1010
34	36	1010
46	25	3449.32
45	26	-4779.54
44	27	-6369.288
43	28	-15112.932
42	29	-17852.101
41	30	-25766.148
40	31	-28469.011
39	32	-36085.05
38	33	-41050.98
37	34	1010
36	35	-45384.212
35	36	1010
34	37	1010
46	26	-2469.19
45	27	-5600.86
44	28	-13912.802
43	29	-17111.683
42	30	-23786.05
41	31	-26962.045
40	32	-35022.922
39	33	-38127.228
38	34	-46469.199
37	35	-36846.746
36	36	1010
35	37	1010
47	26	-1664.76
46	27	-3151.79
45	28	-12722.055
44	29	-14584.235
43	30	-22391.208
42	31	-24366.041
41	32	-32198.684
40	33	-34631.371
39	34	-43903.603
38	35	1010
37	36	-45080
36	37	1010
35	38	1010
48	26	-684.09
47	27	-2613.63
46	28	-11237.44
45	29	-14199.593
44	30	-21289.715
43	31	-23663.485
42	32	-31047.257
41	33	-32985.913
40	34	-43194.512
39	35	-44438.305
38	36	-45066.849
37	37	1010
36	38	1010
48	27	-7.51
47	28	-9887.82
46	29	-11526.414
45	30	-19247.658
44	31	-21337.295
43	32	-28937.044
42	33	-31012.549
41	34	-38038.563
40	35	-42561.005
39	36	-37453.929
38	37	1010
37	38	1010
49	27	400.58
48	28	-7649.79
47	29	-10789.149
46	30	-17724.536
45	31	-20170.62
44	32	-27748.737
43	33	-28982.632
42	34	-37438.031
41	35	-39800.131
40	36	1010
39	37	-39003.442
38	38	1010
37	39	1010
49	28	-6186.02
48	29	-8167.21
47	30	-16163.511
46	31	-17696.862
45	32	-25338.353
44	33	-27116.094
43	34	-34057.73
42	35	-36680.923
41	36	-45342.381
40	37	-39808.436
39	38	1010
38	39	1010
50	28	-5081.04
49	29	-7057.594
48	30	-14301.184
47	31	-17133.437
46	32	-24001.953
45	33	-25789.091
44	34	-33055.714
43	35	-34022.438
42	36	-43663.128
41	37	1010
40	38	-42366
39	39	1010
38	40	1010
51	28	-2253.05
50	29	-4987.59
49	30	-12473.016
48	31	-14440.284
47	32	-22440.155
46	33	-23513.234
45	34	-30764.13
44	35	-32415.508
43	36	-39655.422
42	37	-42970.186
41	38	-37444
40	39	1010
39	40	1010
51	29	-3170.04
50	30	-10735.005
49	31	-13417.621
48	32	-20753.255
47	33	-22853.533
46	34	-29893.783
45	35	-30757.981
44	36	-37961.856
43	37	-41673.157
42	38	-37358.578
41	39	-38609.23
40	40	1010
52	29	672.3
51	30	-8184.789
50	31	-10944.847
49	32	-18956.202
48	33	-20631.347
47	34	-27816.096
46	35	-28963.967
45	36	-35670.601
44	37	-37073.078
43	38	1010
42	39	-36746.335
41	40	1010
40	41	1010
53	29	2640.3
52	30	-5166.78
51	31	-8814.282
50	32	-16936.177
49	33	-19453.071
48	34	-26650.002
47	35	-28299.839
46	36	-34980.035
45	37	-35636.957
44	38	-44330.774
43	39	-30892
42	40	1010
41	41	1010
53	30	-2890.35
52	31	-4926.038
51	32	-14173.192
50	33	-16893.975
49	34	-24461.687
48	35	-26320.1
47	36	-32888.882
46	37	-33724.134
45	38	-41509.511
44	39	1010
43	40	-38850
42	41	1010
41	42	1010
54	30	122.45
53	31	-3689.47
52	32	-11028.968
51	33	-14922.899
50	34	-23352.726
49	35	-25258.669
48	36	-32154.435
47	37	-33472.885
46	38	-39410.229
45	39	-41979.943
44	40	-36863
43	41	1010
42	42	1010
55	30	1868.1
54	31	233.15
53	32	-8460.436
52	33	-11103.518
51	34	-20022.557
50	35	-23253.108
49	36	-30572.3
48	37	-31337.164
47	38	-38371.383
46	39	-39153.248
45	40	1010
44	41	-38199.923
43	42	1010
42	43	1010
55	31	1388.15
54	32	-5177.32
53	33	-9013.706
52	34	-17513.715
51	35	-20826.786
50	36	-29161.725
49	37	-31106.031
48	38	-37696.88
47	39	-38677.106
46	40	-46424.774
45	41	-33968.634
44	42	1010
43	43	1010
56	31	3406.72
55	32	-3362.14
54	33	-4862.072
53	34	-13915.388
52	35	-16982.135
51	36	-26491.281
50	37	-29086.347
49	38	-35992.28
48	39	-36832.83
47	40	-43673.494
46	41	1010
45	42	-41123.764
44	43	1010
43	44	1010
56	32	-2213.6
55	33	-3412.74
54	34	-10477.097
53	35	-14705.563
52	36	-22438.641
51	37	-26581.543
50	38	-35154.79
49	39	-36345.782
48	40	-42700.672
47	41	-44747.373
46	42	-39195.229
45	43	1010
44	44	1010
57	32	116.38
56	33	-1430.72
55	34	-8417.908
54	35	-10066.098
53	36	-19562.346
52	37	-22294.219
51	38	-31853.769
50	39	-34904.96
49	40	-40930.576
48	41	-41662.22
47	42	1010
46	43	-41168
45	44	1010
44	45	1010
58	32	1558.65
57	33	-83.44
56	34	-6950.699
55	35	-8263.128
54	36	-15349.92
53	37	-19554.503
52	38	-27900.946
51	39	-32238.432
50	40	-40141.366
49	41	-40967.316
48	42	-48634.21
47	43	-36104.894
46	44	1010
45	45	1010
58	33	1866.97
57	34	-4658.37
56	35	-6488.949
55	36	-13332.689
54	37	-14872.929
53	38	-24133.56
52	39	-27725.259
51	40	-36746.282
50	41	-39193.313
49	42	-45864.499
48	43	1010
47	44	-40508
46	45	1010
45	46	1010
59	33	2809.33
58	34	-3964.86
57	35	-4702.485
56	36	-12083.716
55	37	-13601.032
54	38	-20401.658
53	39	-24856.564
52	40	-32950.805
51	41	-36556.488
50	42	-44500.775
49	43	-47049.532
48	44	-40548.114
47	45	1010
46	46	1010
59	34	-1669.43
58	35	-3428.844
57	36	-10015.421
56	37	-11844.547
55	38	-18707.229
54	39	-20543.943
53	40	-29377.719
52	41	-32133.735
51	42	-41046.733
50	43	-43649.474
49	44	1010
48	45	-43037
47	46	1010
46	47	1010
60	34	-727.15
59	35	-1804.24
58	36	-8914.382
57	37	-10057.571
56	38	-17398.866
55	39	-19713.691
54	40	-25582.854
53	41	-29142.214
52	42	-37596.918
51	43	-41031.524
50	44	-49942.138
49	45	-35708.567
48	46	1010
47	47	1010
61	34	965.59
60	35	-125.37
59	36	-6611.381
58	37	-8412.57
57	38	-15524.403
56	39	-17600.372
55	40	-24525.54
54	41	-25065.593
53	42	-33752.208
52	43	-36880.969
51	44	-45844.331
50	45	1010
49	46	-42304
48	47	1010
47	48	1010
61	35	1162.54
60	36	-5861.117
59	37	-6505.616
58	38	-13612.732
57	39	-16367.643
56	40	-23089.633
55	41	-24030.56
54	42	-30196.342
53	43	-33668.242
52	44	-42300.143
51	45	-46742.061
50	46	-43876.523
49	47	1010
48	48	1010
62	35	2237.11
61	36	-3529.141
60	37	-5114.627
59	38	-11586.105
58	39	-13429.503
57	40	-21775.779
56	41	-22151.599
55	42	-28647.238
54	43	-29599.988
53	44	-38306.85
52	45	-41726.271
51	46	1010
50	47	-42802
49	48	1010
48	49	1010
63	35	2573.92
62	36	-3344.34
61	37	-3946.517
60	38	-10220.606
59	39	-11641.216
58	40	-19111.909
57	41	-21056.153
56	42	-27087.217
55	43	-28081.09
54	44	-34992.823
53	45	-38389.587
52	46	-47729.97
51	47	-36156
50	48	1010
49	49	1010
63	36	-2809.35
62	37	-3169.051
61	38	-9400.15
60	39	-9775.356
59	40	-17125.941
58	41	-18399.265
57	42	-25366.954
56	43	-26281.688
55	44	-32885.554
54	45	-34280.805
53	46	-43049.026
52	47	1010
51	48	-43248
50	49	1010
49	50	1010
64	36	-1624.95
63	37	-3092.66
62	38	-9215.046
61	39	-10475.279
60	40	-15758.638
59	41	-17504.444
58	42	-23982.53
57	43	-25055.024
56	44	-31688.169
55	45	-32744.662
54	46	-39311.446
53	47	-44054.183
52	48	-38587.624
51	49	1010
50	50	1010
65	36	130.02
64	37	-1302.79
63	38	-8204.9
62	39	-8983.443
61	40	-15374.1
60	41	-15863.706
59	42	-22226.186
58	43	-23136.6
57	44	-29786.951
56	45	-31085.399
55	46	-37232.823
54	47	-38639.858
53	48	-33569
52	49	-41679.69
51	50	1010
65	37	-514.18
64	38	-6661.6
63	39	-9059.414
62	40	-14233.913
61	41	-15483.398
60	42	-21134.153
59	43	-22061.039
58	44	-28640.793
57	45	-29590.242
56	46	-36086.672
55	47	-36894.01
54	48	-35462.199
53	49	-32688.41
52	50	1010
66	37	1512
65	38	-5284.23
64	39	-6897.289
63	40	-13178.707
62	41	-13883.377
61	42	-20087.304
60	43	-20415.292
59	44	-26620.515
58	45	-27803.81
57	46	-34300.382
56	47	-35213.555
55	48	1010
54	49	-35221.52
53	50	1010
52	51	1010
66	38	-3946.4
65	39	-6073.55
64	40	-11538.878
63	41	-13298.768
62	42	-18926.918
61	43	-19528.181
60	44	-25843.292
59	45	-26554.886
58	46	-32915.543
57	47	-34328.267
56	48	-40480.121
55	49	-29967.553
54	50	1010
53	51	1010
67	38	-2453.05
66	39	-4201.79
65	40	-10445.58
64	41	-10997.867
63	42	-17850.159
62	43	-18266.041
61	44	-24072.915
60	45	-24945.072
59	46	-31289.32
58	47	-32343.731
57	48	-38763.816
56	49	1010
55	50	-37552.896
54	51	1010
53	52	1010
68	38	-1228.09
67	39	-3333.9
66	40	-8778.89
65	41	-10447.594
64	42	-16358.825
63	43	-17385.24
62	44	-23452.075
61	45	-23978.934
60	46	-29972.472
59	47	-31203.667
58	48	-37620.503
57	49	-38602.102
56	50	-36506.769
55	51	1010
54	52	1010
69	38	188.27
68	39	-1525.41
67	40	-7543.66
66	41	-8128.932
65	42	-14980.976
64	43	-15494.452
63	44	-21688.235
62	45	-22518.278
61	46	-28471.872
60	47	-29445.247
59	48	-35743.56
58	49	-36757.861
57	50	1010
56	51	-36988.343
55	52	1010
54	53	1010
69	39	-807.76
68	40	-6540.08
67	41	-7417.917
66	42	-13368.983
65	43	-14964.157
64	44	-20711.578
63	45	-21600.77
62	46	-27351.743
61	47	-28246.337
60	48	-34650.59
59	49	-36225.558
58	50	-42883.283
57	51	-34344.279
56	52	1010
55	53	1010
70	39	943.57
69	40	-5046.77
68	41	-5353.006
67	42	-12106.52
66	43	-12716.454
65	44	-19199.646
64	45	-20093.174
63	46	-25781.979
62	47	-26504.561
61	48	-32959.792
60	49	-34123.378
59	50	-41218.3
58	51	1010
57	52	-39049.207
56	53	1010
55	54	1010
70	40	-4305.03
69	41	-4921.94
68	42	-10671.372
67	43	-12311.965
66	44	-17990.478
65	45	-19362.971
64	46	-24921.626
63	47	-25630.236
62	48	-31641.46
61	49	-33129.211
60	50	-40401.6
59	51	-41630.98
58	52	-38470.928
57	53	1010
56	54	1010
71	40	-3143.41
70	41	-3129.77
69	42	-9346.579
68	43	-10155.121
67	44	-16755.736
66	45	-17816.288
65	46	-23400.711
64	47	-24023.4
63	48	-30366.098
62	49	-31331.593
61	50	-38392.053
60	51	-39809.249
59	52	-36378.929
58	53	-38396.811
57	54	1010
72	40	-2121.84
71	41	-2783.84
70	42	-8073.79
69	43	-9733.754
68	44	-15381.126
67	45	-16938.035
66	46	-22678.192
65	47	-23165.372
64	48	-29081.224
63	49	-30343.071
62	50	-37529.736
61	51	-39216.977
60	52	1010
59	53	-35595.378
58	54	1010
57	55	1010
72	41	-1028.96
71	42	-6995.82
70	43	-7511.777
69	44	-14222.717
68	45	-15462.625
67	46	-20963.722
66	47	-21659.918
65	48	-27684.409
64	49	-28419.781
63	50	-35761.624
62	51	-37220.767
61	52	-43083.813
60	53	-35817.604
59	54	1010
58	55	1010
73	41	-488.99
72	42	-5710.99
71	43	-7253.12
70	44	-12607.101
69	45	-14577.137
68	46	-20323.965
67	47	-20798.037
66	48	-26316.295
65	49	-27667.901
64	50	-34849.001
63	51	-36024.345
62	52	-41957.66
61	53	1010
60	54	-40979.239
59	55	1010
58	56	1010
74	41	1119.87
73	42	-4667.17
72	43	-5186.87
71	44	-11801.911
70	45	-12921.473
69	46	-18581.692
68	47	-19629.852
67	48	-25440.285
66	49	-25596.25
65	50	-33372.39
64	51	-34441.184
63	52	-40174.882
62	53	-41412.799
61	54	-37857
60	55	1010
59	56	1010
74	42	-3456.07
73	43	-4853.1
72	44	-10129.432
71	45	-12089.986
70	46	-17828.406
69	47	-18233.927
68	48	-24176.36
67	49	-25112.561
66	50	-32398.741
65	51	-33537.013
64	52	-39049.725
63	53	-40292.982
62	54	1010
61	55	-34986
60	56	1010
59	57	1010
75	42	-2633.88
74	43	-2884.62
73	44	-9143.743
72	45	-10390.875
71	46	-16349.294
70	47	-17183.396
69	48	-22913.982
68	49	-22949.65
67	50	-30552.178
66	51	-31929.369
65	52	-37402.266
64	53	-38917.963
63	54	-44585.245
62	55	-37090.404
61	56	1010
60	57	1010
75	43	-2899.52
74	44	-8105.35
73	45	-9553.034
72	46	-15345.352
71	47	-16310.291
70	48	-22022.61
69	49	-22517.565
68	50	-29580.16
67	51	-30834.956
66	52	-36334.772
65	53	-36870.961
64	54	-43262.689
63	55	-34508
62	56	-41172
61	57	1010
76	43	-1084.56
75	44	-6972.14
74	45	-7887.45
73	46	-13911.272
72	47	-14853.434
71	48	-20725.966
70	49	-21000.107
69	50	-28433.936
68	51	-29308.1
67	52	-34854.767
66	53	-36029.827
65	54	-41861.951
64	55	1010
63	56	-37363
62	57	1010
61	58	1010
77	43	-1345.4
76	44	-6343.05
75	45	-7619.51
74	46	-12969.457
73	47	-14197.257
72	48	-19886.813
71	49	-20476.63
70	50	-27303.948
69	51	-28313.166
68	52	-34194.67
67	53	-34186.633
66	54	-40696.695
65	55	-41496
64	56	-38516
63	57	1010
62	58	1010
77	44	-5189.64
76	45	-6352.63
75	46	-11858.097
74	47	-12738.545
73	48	-18768.872
72	49	-19161.157
71	50	-26435.671
70	51	-26939.876
69	52	-32206.379
68	53	-33527.385
67	54	-38972.564
66	55	-39697.875
65	56	1010
64	57	-39797
63	58	1010
62	59	1010
78	44	-4513.6
77	45	-5645.45
76	46	-10915.381
75	47	-12106.765
74	48	-17832.789
73	49	-18458.489
72	50	-25566.321
71	51	-26053.384
70	52	-31817.63
69	53	-31986.074
68	54	-37952.968
67	55	-38574.755
66	56	-44461
65	57	-33911
64	58	1010
63	59	1010
79	44	-3588.29
78	45	-4342.12
77	46	-10085.71
76	47	-10563.047
75	48	-16683.156
74	49	-17304.614
73	50	-24295.035
72	51	-24788.219
71	52	-30033.335
70	53	-30722.687
69	54	-36467.998
68	55	-36925.443
67	56	-42992
66	57	-37153
65	58	-38540
64	59	1010
80	44	-3112.37
79	45	-4052.81
78	46	-9101.74
77	47	-10219.552
76	48	-15738.854
75	49	-16495.79
74	50	-23536.563
73	51	-23932.881
72	52	-29346.507
71	53	-29659.513
70	54	-35337.928
69	55	-35966.03
68	56	-41573.165
67	57	1010
66	58	-41223
65	59	1010
64	60	1010
80	45	-2649.74
79	46	-8494.73
78	47	-8692.193
77	48	-14766.844
76	49	-15372.051
75	50	-22357.014
74	51	-22830.03
73	52	-27649.7
72	53	-28381.633
71	54	-33864.192
70	55	-34388.525
69	56	-40112.481
68	57	-40761
67	58	-36091
66	59	1010
65	60	1010
81	45	-2332.02
80	46	-7324.41
79	47	-8410.94
78	48	-13737.573
77	49	-14795.013
76	50	-21682.35
75	51	-22034.487
74	52	-27176.177
73	53	-27465.136
72	54	-32842.162
71	55	-33637.313
70	56	-38916.924
69	57	-39664.91
68	58	1010
67	59	-35439
66	60	1010
65	61	1010
81	46	-6549.69
80	47	-6903.31
79	48	-12533.815
78	49	-13432.159
77	50	-20501.523
76	51	-21066.457
75	52	-25548.114
74	53	-26152.879
73	54	-31370.296
72	55	-31943.917
71	56	-37492.096
70	57	-37994.772
69	58	-43750
68	59	-38587
67	60	1010
66	61	1010
82	46	-5551.97
81	47	-6749.83
80	48	-11613.74
79	49	-13056.699
78	50	-19937.498
77	51	-20317.657
76	52	-24987.806
75	53	-25368.062
74	54	-30453.093
73	55	-31030.197
72	56	-36407.077
71	57	-36797.503
70	58	-42424.161
69	59	1010
68	60	-42639
67	61	1010
66	62	1010
82	47	-5178.4
81	48	-10823.58
80	49	-11591.71
79	50	-18890.006
78	51	-19397.41
77	52	-23802.585
76	53	-24083.925
75	54	-29369.045
74	55	-29648.844
73	56	-34823.935
72	57	-35559.907
71	58	-41053.938
70	59	-41862
69	60	-35452
68	61	1010
67	62	1010
83	47	-2417.69
82	48	-9258.79
81	49	-11083.9
80	50	-18145.524
79	51	-18690.879
78	52	-23228.682
77	53	-23488.273
76	54	-28465.599
75	55	-28870.198
74	56	-34252.159
73	57	-34589.081
72	58	-39820.778
71	59	-40441.225
70	60	1010
69	61	-34675
68	62	1010
67	63	1010
83	48	-6402.28
82	49	-9490.494
81	50	-17363.372
80	51	-17724.196
79	52	-22076.956
78	53	-22382.862
77	54	-27270.222
76	55	-27495.078
75	56	-32698.466
74	57	-32867.516
73	58	-38675.514
72	59	-38826.623
71	60	-44548
70	61	-36929
69	62	1010
68	63	1010
84	48	-2247.67
83	49	-6467.18
82	50	-16732.3
81	51	-17361.907
80	52	-21563.355
79	53	-21788.057
78	54	-26547.545
77	55	-26870.988
76	56	-31934.398
75	57	-32172.449
74	58	-37214.139
73	59	-37777.886
72	60	-43198
71	61	-31992
70	62	-40524
69	63	1010
85	48	604.75
84	49	-2149.9
83	50	-13289.34
82	51	-16290.057
81	52	-20617.909
80	53	-20805.49
79	54	-25569.4
78	55	-25548.213
77	56	-30722.376
76	57	-30906.458
75	58	-36111.194
74	59	-36535.178
73	60	-41634.726
72	61	1010
71	62	-36372
70	63	1010
69	64	1010
85	49	1065.8
84	50	-9183.139
83	51	-13527.035
82	52	-19866.683
81	53	-20390.549
80	54	-24906.269
79	55	-25084.789
78	56	-30030.785
77	57	-30275.7
76	58	-35164.458
75	59	-35460.819
74	60	-40924.681
73	61	-41156
72	62	-38233
71	63	1010
70	64	1010
86	49	4940.15
85	50	-5653.538
84	51	-9263.976
83	52	-16745.9
82	53	-19259.993
81	54	-23984.652
80	55	-24025.642
79	56	-28978.155
78	57	-29006.422
77	58	-34180.896
76	59	-34298.122
75	60	-39239.594
74	61	-39999.709
73	62	1010
72	63	-37607
71	64	1010
70	65	1010
86	50	-1848.73
85	51	-6200.134
84	52	-13337.756
83	53	-16671.546
82	54	-23145.918
81	55	-23495.046
80	56	-28287
79	57	-28404.21
78	58	-33348.123
77	59	-33861.62
76	60	-38770.166
75	61	-38815.611
74	62	-44329
73	63	-33045
72	64	1010
71	65	1010
87	50	-1123.23
86	51	-2470.469
85	52	-9936.131
84	53	-12987.744
83	54	-20118.952
82	55	-22319.271
81	56	-27153.308
80	57	-27123.78
79	58	-32089.239
78	59	-32417.809
77	60	-37646.279
76	61	-37553.263
75	62	-43002
74	63	-35113
73	64	-37110
72	65	1010
88	50	-188.96
87	51	-1916.18
86	52	-6705.896
85	53	-10305.091
84	54	-17228.263
83	55	-19863.792
82	56	-26368.23
81	57	-26660.999
80	58	-31309.89
79	59	-31617.637
78	60	-36682.447
77	61	-36787.231
76	62	-42170.093
75	63	1010
74	64	-39062
73	65	1010
72	66	1010
88	51	-370.14
87	52	-5876.863
86	53	-6941.692
85	54	-14019.395
84	55	-16575.101
83	56	-23676.414
82	57	-25520.072
81	58	-30522.44
80	59	-30332.976
79	60	-35804.129
78	61	-35662.72
77	62	-40937.177
76	63	-41110
75	64	-35029
74	65	1010
73	66	1010
89	51	201.65
88	52	-4939.971
87	53	-6193.859
86	54	-11403.021
85	55	-14131.394
84	56	-20832.321
83	57	-23202.587
82	58	-29869.36
81	59	-29962.536
80	60	-35115.13
79	61	-35075.448
78	62	-40271.9
77	63	-40731.663
76	64	1010
75	65	-33896
74	66	1010
73	67	1010
89	52	-3669.13
88	53	-4936.23
87	54	-10326.473
86	55	-11133.954
85	56	-18043.393
84	57	-20137.987
83	58	-27143.16
82	59	-28693.654
81	60	-33846.438
80	61	-33798.604
79	62	-38808.336
78	63	-39060.396
77	64	-44413.387
76	65	-36995
75	66	1010
74	67	1010
90	52	-3028.73
89	53	-4107.436
88	54	-9482.468
87	55	-10558.286
86	56	-15510.274
85	57	-17915.079
84	58	-24674.65
83	59	-26801.175
82	60	-33343.247
81	61	-33635.373
80	62	-38233.31
79	63	-38481.971
78	64	-43576.88
77	65	1010
76	66	-38982
75	67	1010
74	68	1010
91	52	-1743.15
90	53	-2737.86
89	54	-8087.297
88	55	-9228.323
87	56	-14496.192
86	57	-15001.636
85	58	-21622.154
84	59	-23618.662
83	60	-30620.864
82	61	-32512.342
81	62	-37664.703
80	63	-37280.71
79	64	-42702.097
78	65	-42492.242
77	66	-36672
76	67	1010
75	68	1010
91	53	-2094.62
90	54	-7246.635
89	55	-8467.277
88	56	-13639.598
87	57	-14276.583
86	58	-19312.924
85	59	-21463.22
84	60	-28197.553
83	61	-30171.484
82	62	-36814.799
81	63	-37274.676
80	64	-41975.623
79	65	-41977.099
78	66	1010
77	67	-36632
76	68	1010
75	69	1010
92	53	-699.5
91	54	-6019.281
90	55	-6967.872
89	56	-12434.111
88	57	-13127.031
87	58	-18064.259
86	59	-18523.417
85	60	-25057.755
84	61	-27129.103
83	62	-34557.636
82	63	-35646.706
81	64	-41229.398
80	65	-40815.621
79	66	-45899.493
78	67	-38702.93
77	68	1010
76	69	1010
92	54	-5109.899
91	55	-6583.95
90	56	-11359.503
89	57	-12322.925
88	58	-17285.49
87	59	-17491.795
86	60	-22849.645
85	61	-24864.2
84	62	-31052.546
83	63	-33884.188
82	64	-40049.413
81	65	-40652.962
80	66	-45468.038
79	67	-33496.206
78	68	-42893.57
77	69	1010
93	54	-4395.91
92	55	-5094.796
91	56	-10405.949
90	57	-11046.278
89	58	-16189.741
88	59	-16495.93
87	60	-21520.247
86	61	-21875.696
85	62	-28467.519
84	63	-30475.434
83	64	-37787.466
82	65	-38999.652
81	66	-44372.565
80	67	-37289.286
79	68	-38516.996
78	69	1010
94	54	-3676.82
93	55	-4954.635
92	56	-9852.21
91	57	-10548.805
90	58	-15754.75
89	59	-15893.611
88	60	-20922.535
87	61	-20995.558
86	62	-26221.367
85	63	-28084.977
84	64	-34953.931
83	65	-37061.494
82	66	-43619.569
81	67	1010
80	68	-41265.962
79	69	1010
78	70	1010
94	55	-3982.85
93	56	-9060.48
92	57	-9387.46
91	58	-14638.458
90	59	-14905.717
89	60	-19688.4
88	61	-19869.042
87	62	-24762.236
86	63	-25144.047
85	64	-32269.467
84	65	-33769.39
83	66	-41273.95
82	67	-42268.263
81	68	-37035
80	69	1010
79	70	1010
95	55	-3612.25
94	56	-9020.35
93	57	-9502.22
92	58	-14058.219
91	59	-15021.908
90	60	-19379.306
89	61	-19111.2
88	62	-24581.832
87	63	-24346.48
86	64	-29729.663
85	65	-31556.051
84	66	-38140.905
83	67	-40120.477
82	68	1010
81	69	-36546
80	70	1010
79	71	1010
96	55	-2428.52
95	56	-7864.39
94	57	-8536.32
93	58	-14188.56
92	59	-14143.277
91	60	-18952.734
90	61	-18888.6
89	62	-22866.374
88	63	-23181.861
87	64	-28589.798
86	65	-28572.492
85	66	-35590.313
84	67	-36998.598
83	68	-44066.567
82	69	-38495.411
81	70	1010
80	71	1010
96	56	-6902.91
95	57	-8110.75
94	58	-12838.76
93	59	-14479.304
92	60	-19001.626
91	61	-18935.354
90	62	-23277.437
89	63	-22703.551
88	64	-27791.05
87	65	-27848.466
86	66	-33378.919
85	67	-34760.08
84	68	-41530.362
83	69	-32176.892
82	70	-42598
81	71	1010
97	56	-5219.71
96	57	-6409.84
95	58	-11852
94	59	-12637.177
93	60	-18637.788
92	61	-18461.591
91	62	-22717.684
90	63	-22416.969
89	64	-26886.187
88	65	-26753.018
87	66	-31952.672
86	67	-31847.642
85	68	-38909.102
84	69	1010
83	70	-36834
82	71	1010
81	72	1010
97	57	-5270.45
96	58	-10650.02
95	59	-12155.07
94	60	-17015.67
93	61	-18766.72
92	62	-22623.855
91	63	-22495.934
90	64	-26830.021
89	65	-26384.433
88	66	-31446.457
87	67	-31083.02
86	68	-36339.984
85	69	-37751.118
84	70	-37147
83	71	1010
82	72	1010
98	57	-3972.62
97	58	-9019.32
96	59	-10034.575
95	60	-15930.034
94	61	-16958.718
93	62	-22131.574
92	63	-21910.476
91	64	-26370.094
90	65	-25924.89
89	66	-30555.293
88	67	-30351.485
87	68	-35268.311
86	69	-35261.149
85	70	1010
84	71	-36406
83	72	1010
82	73	1010
98	58	-8114.03
97	59	-9269.71
96	60	-14464.24
95	61	-16388.074
94	62	-20680.108
93	63	-21967.136
92	64	-26031.724
91	65	-25911.772
90	66	-30306.11
89	67	-29843.121
88	68	-35197.001
87	69	-34615.493
86	70	-39821.527
85	71	-30368.648
84	72	1010
83	73	1010
99	58	-6940.72
98	59	-7785.61
97	60	-13108.72
96	61	-14609.347
95	62	-19747.036
94	63	-20498.296
93	64	-25139.544
92	65	-25000.795
91	66	-29505.622
90	67	-29002.604
89	68	-33684.313
88	69	-33483.121
87	70	-38679.063
86	71	1010
85	72	-34917
84	73	1010
83	74	1010
99	59	-6642.98
98	60	-11901.38
97	61	-13806.507
96	62	-18086.184
95	63	-19917.363
94	64	-24168.582
93	65	-25069.951
92	66	-29108.795
91	67	-28774.685
90	68	-33444.365
89	69	-32858.381
88	70	-37996.932
87	71	-37543.659
86	72	-37021
85	73	1010
84	74	1010
100	59	-5797.85
99	60	-10511.88
98	61	-11962.546
97	62	-17025.111
96	63	-18194.09
95	64	-23154.222
94	65	-23578.307
93	66	-28416.85
92	67	-27981.73
91	68	-32534.245
90	69	-32109.079
89	70	-36873.685
88	71	-36811.846
87	72	1010
86	73	-36275
85	74	1010
84	75	1010
100	60	-9695.9
99	61	-11345.64
98	62	-15497.449
97	63	-17510.665
96	64	-21737.704
95	65	-23147.389
94	66	-27430.6
93	67	-27617.706
92	68	-32136.32
91	69	-31584.267
90	70	-36596.434
89	71	-36271.055
88	72	-41172.118
87	73	-31847.24
86	74	1010
85	75	1010
101	60	-8558.38
100	61	-9806.22
99	62	-14468.316
98	63	-15827.742
97	64	-21002.437
96	65	-21644.578
95	66	-26536.467
94	67	-26524.551
93	68	-31136.247
92	69	-30658.03
91	70	-35171.784
90	71	-35102.224
89	72	-40044.764
88	73	1010
87	74	-36167
86	75	1010
85	76	1010
101	61	-9123.9
100	62	-13476.92
99	63	-15093.29
98	64	-19502.281
97	65	-21350.089
96	66	-25590.474
95	67	-26177.905
94	68	-30514.548
93	69	-30379.2
92	70	-34849.359
91	71	-34559.121
90	72	-39119.547
89	73	-38901.025
88	74	-38163
87	75	1010
86	76	1010
102	61	-7825.59
101	62	-12062.44
100	63	-13547.5
99	64	-18403.495
98	65	-19587.588
97	66	-24648.365
96	67	-24863.709
95	68	-29441.47
94	69	-29197.317
93	70	-33705.262
92	71	-33597.985
91	72	-38282.146
90	73	-38075.357
89	74	-35614.329
88	75	-36696
87	76	1010
102	62	-11103.21
101	63	-12855.12
100	64	-16916.42
99	65	-18885.45
98	66	-23315.953
97	67	-24579.831
96	68	-28530.022
95	69	-28845.429
94	70	-33147.866
93	71	-33006.786
92	72	-37767.404
91	73	-37584.103
90	74	1010
89	75	-32939.331
88	76	1010
87	77	1010
103	62	-9872
102	63	-11230.96
101	64	-16022.82
100	65	-16978.2
99	66	-22473.028
98	67	-23223.451
97	68	-27806.651
96	69	-27660.798
95	70	-32282.73
94	71	-32025.534
93	72	-36435.456
92	73	-36475.886
91	74	-41174.391
90	75	-34716
89	76	1010
88	77	1010
103	63	-10340.5
102	64	-14839.1
101	65	-16535.95
100	66	-20775.758
99	67	-22642.856
98	68	-26814.537
97	69	-27307.748
96	70	-31417.034
95	71	-31443.668
94	72	-36040.048
93	73	-35725.527
92	74	-40289.819
91	75	1010
90	76	-39068
89	77	1010
88	78	1010
104	63	-8958.87
103	64	-13671.76
102	65	-14894.83
101	66	-19902.87
100	67	-20970.213
99	68	-26056.002
98	69	-26071.393
97	70	-30615.896
96	71	-30290.689
95	72	-34782.787
94	73	-34769.168
93	74	-39394
92	75	-39275
91	76	-36622.435
90	77	1010
89	78	1010
104	64	-12473.99
103	65	-14053.44
102	66	-18472.63
101	67	-20339.63
100	68	-24883.021
99	69	-25824.819
98	70	-29817.261
97	71	-30215.927
96	72	-34429.414
95	73	-34204.435
94	74	-38852.338
93	75	-38824.728
92	76	-36636.045
91	77	-35744.765
90	78	1010
105	64	-11176.2
104	65	-12543.43
103	66	-17492.79
102	67	-18516.486
101	68	-23609.251
100	69	-24255.02
99	70	-28986.45
98	71	-28855.161
97	72	-33194.059
96	73	-33141.143
95	74	-37649.842
94	75	-37575.644
93	76	1010
92	77	-35881
91	78	1010
90	79	1010
105	65	-11563.77
104	66	-16336.99
103	67	-17849.97
102	68	-22232.628
101	69	-23965.767
100	70	-27758.525
99	71	-28533.189
98	72	-32582.49
97	73	-32662.283
96	74	-36991.218
95	75	-36936.502
94	76	-41388
93	77	-33823.11
92	78	1010
91	79	1010
106	65	-10258.61
105	66	-15020.93
104	67	-16354
103	68	-21180.644
102	69	-22225.809
101	70	-27020.489
100	71	-27122.664
99	72	-31687.392
98	73	-31393.283
97	74	-35948.56
96	75	-35906.694
95	76	-40255.042
94	77	1010
93	78	-37716.288
92	79	1010
91	80	1010
106	66	-14147.74
105	67	-15537.08
104	68	-19809.877
103	69	-21794.989
102	70	-25772.803
101	71	-26709.33
100	72	-30754.548
99	73	-31193.861
98	74	-35355.812
97	75	-35441.355
96	76	-39898.63
95	77	-39685.459
94	78	-37488.779
93	79	1010
92	80	1010
107	66	-12512.87
106	67	-14140.37
105	68	-18801.38
104	69	-20169.931
103	70	-25002.764
102	71	-25295.382
101	72	-29933.016
100	73	-29718.945
99	74	-34579.988
98	75	-34310.262
97	76	-38682.978
96	77	-38612.995
95	78	-34929.134
94	79	-38614
93	80	1010
107	67	-12812.63
106	68	-17478.16
105	69	-19258.19
104	70	-23765.601
103	71	-24883.567
102	72	-28849.863
101	73	-29414.448
100	74	-33515.162
99	75	-34018.711
98	76	-38248.348
97	77	-37921.891
96	78	-37677
95	79	-34042.64
94	80	1010
108	67	-11514.36
107	68	-16206.51
106	69	-17610.49
105	70	-22695.832
104	71	-23375.422
103	72	-27916.464
102	73	-28005.312
101	74	-32818.588
100	75	-32445.815
99	76	-37230.51
98	77	-36991.693
97	78	-35076.32
96	79	-35978.017
95	80	1010
108	68	-15195.76
107	69	-16732.7
106	70	-21088.236
105	71	-22760.327
104	72	-26826.208
103	73	-27345.001
102	74	-31647.458
101	75	-32515.305
100	76	-36424.276
99	77	-36555.335
98	78	1010
97	79	-32191.794
96	80	1010
95	81	1010
109	68	-13761.9
108	69	-15290.75
107	70	-20382.836
106	71	-21176.031
105	72	-25894.63
104	73	-26149.495
103	74	-30815.345
102	75	-30814.643
101	76	-35917.196
100	77	-35570.504
99	78	-40074.849
98	79	-34432.793
97	80	1010
96	81	1010
109	69	-14394.75
108	70	-19407.277
107	71	-20682.944
106	72	-24670.6
105	73	-25767.45
104	74	-29764.906
103	75	-30396.287
102	76	-34679.542
101	77	-35065.781
100	78	-39283.291
99	79	1010
98	80	-38597
97	81	1010
96	82	1010
110	69	-12856.99
109	70	-18124.75
108	71	-19279.875
107	72	-23893.638
106	73	-24347.338
105	74	-29069.622
104	75	-29120.187
103	76	-33848.289
102	77	-33530.562
101	78	-38423.516
100	79	-37938.393
99	80	-35875.984
98	81	1010
97	82	1010
110	70	-17050.39
109	71	-18796.22
108	72	-22647.451
107	73	-24083.418
106	74	-28097.277
105	75	-28674.929
104	76	-32929.734
103	77	-33520.574
102	78	-37305.291
101	79	-37472.093
100	80	-36159.079
99	81	-35163.629
98	82	1010
111	70	-15746.88
110	71	-17160.902
109	72	-21943.078
108	73	-22546.175
107	74	-27376.686
106	75	-27654.495
105	76	-31961.5
104	77	-31828.408
103	78	-37136.207
102	79	-36348.766
101	80	-33677.426
100	81	-37709.706
99	82	1010
111	71	-16306.38
110	72	-20256.45
109	73	-22067.745
108	74	-26204.35
107	75	-27093.551
106	76	-31275.085
105	77	-31745.715
104	78	-35297.235
103	79	-35972.481
102	80	-36364.061
101	81	-32826.423
100	82	1010
112	71	-14644.278
111	72	-19421.93
110	73	-20311.58
109	74	-25211.82
108	75	-26079.329
107	76	-30294.722
106	77	-30270.704
105	78	-35394.268
104	79	-34487.499
103	80	-31915.418
102	81	-35899.241
101	82	1010
113	71	-13914.89
112	72	-17695.76
111	73	-19400.4
110	74	-23881.339
109	75	-25396.075
108	76	-29548.502
107	77	-30200.729
106	78	-33537.972
105	79	-34436.382
104	80	1010
103	81	-31737.298
102	82	1010
101	83	1010
114	71	-12498.03
113	72	-16835.534
112	73	-17796.39
111	74	-22517.392
110	75	-23721.831
109	76	-28368.589
108	77	-28604.034
107	78	-33597.619
106	79	-32765.91
105	80	-37225.919
104	81	-34505.145
103	82	1010
102	83	1010
114	72	-15904.635
113	73	-17308.73
112	74	-21339.246
111	75	-23064.289
110	76	-27453.52
109	77	-28413.205
108	78	-31888.462
107	79	-32720.823
106	80	-36770.277
105	81	1010
104	82	-36475.959
103	83	1010
102	84	1010
115	72	-14921.6
114	73	-15942.841
113	74	-20672.219
112	75	-21443.223
111	76	-26412.388
110	77	-26654.003
109	78	-31588.672
108	79	-31371.239
107	80	-35830.717
106	81	-36375.387
105	82	-35027.549
104	83	1010
103	84	1010
116	72	-14283.51
115	73	-15233.443
114	74	-19755.19
113	75	-21374.406
112	76	-25427.448
111	77	-26794.436
110	78	-30221.423
109	79	-30780.014
108	80	-35339.899
107	81	-35245.565
106	82	-35186.239
105	83	-33707.583
104	84	1010
117	72	-13438.16
116	73	-13986.4
115	74	-18718.268
114	75	-19630.086
113	76	-24958.169
112	77	-25400.588
111	78	-29937.321
110	79	-29741.4
109	80	-34277.234
108	81	-34706.826
107	82	-32392.438
106	83	-35874.846
105	84	1010
117	73	-13777.95
116	74	-17874.883
115	75	-19549.49
114	76	-23873.29
113	77	-24884.504
112	78	-29039.04
111	79	-29424.258
110	80	-33782.46
109	81	-33920.25
108	82	-35424.459
107	83	-31063.787
106	84	1010
118	73	-12776.01
117	74	-17364.619
116	75	-17953.754
115	76	-23082.013
114	77	-23662.104
113	78	-28237.135
112	79	-28218.15
111	80	-32845.469
110	81	-33123.613
109	82	1010
108	83	-32697.377
107	84	1010
106	85	1010
119	73	-12476.4
118	74	-16355.6
117	75	-17684.06
116	76	-22306.97
115	77	-23144.521
114	78	-27212.281
113	79	-27949.274
112	80	-32141.883
111	81	-32671.482
110	82	-37108.39
109	83	-29823.332
108	84	1010
107	85	1010
119	74	-15848.93
118	75	-16241.97
117	76	-21529.255
116	77	-22102.598
115	78	-26489.471
114	79	-26656.031
113	80	-31331.297
112	81	-31744.382
111	82	-36172.108
110	83	1010
109	84	-34676.917
108	85	1010
107	86	1010
120	74	-15146.79
119	75	-15848.07
118	76	-20620.72
117	77	-21576.658
116	78	-25660.969
115	79	-26428.98
114	80	-30689.334
113	81	-31231.058
112	82	-35529.24
111	83	-35499.46
110	84	-36496.004
109	85	1010
108	86	1010
120	75	-14430.24
119	76	-19543.549
118	77	-20242.272
117	78	-24821.914
116	79	-25226.261
115	80	-29726.039
114	81	-30230.973
113	82	-34818.531
112	83	-34553.169
111	84	-32171.019
110	85	-35499.903
109	86	1010
121	75	-14169.17
120	76	-18529.404
119	77	-19716.444
118	78	-23989.217
117	79	-24817.464
116	80	-29086.704
115	81	-29924.653
114	82	-33975.728
113	83	-34297.615
112	84	-34944.636
111	85	-30879.729
110	86	1010
122	75	-12979.35
121	76	-17829.46
120	77	-18397.725
119	78	-22909.709
118	79	-23743.379
117	80	-28277.901
116	81	-28716.246
115	82	-33368.716
114	83	-33334.964
113	84	-30733.878
112	85	-34137.125
111	86	1010
123	75	-12559.05
122	76	-17054.34
121	77	-17801.54
120	78	-22134.684
119	79	-23270.568
118	80	-27354.66
117	81	-28463.018
116	82	-32631.693
115	83	-32807.323
114	84	-32421
113	85	-31486.03
112	86	1010
123	76	-15944.31
122	77	-16783.743
121	78	-21027.89
120	79	-21949.452
119	80	-26848.436
118	81	-27265.698
117	82	-31860.279
116	83	-31922.823
115	84	1010
114	85	-32809.134
113	86	1010
112	87	1010
124	76	-15316.55
123	77	-15876.32
122	78	-20220.958
121	79	-21518.144
120	80	-25795.92
119	81	-26951.749
118	82	-31259.527
117	83	-31626.207
116	84	-35073.177
115	85	-28432.243
114	86	1010
113	87	1010
125	76	-14214.02
124	77	-14879.6
123	78	-18991.27
122	79	-20077.306
121	80	-24861.263
120	81	-25731.775
119	82	-30477.28
118	83	-30472.765
117	84	-34448.516
116	85	1010
115	86	-32896.451
114	87	1010
113	88	1010
126	76	-13642.41
125	77	-14072
124	78	-18473.366
123	79	-19744.163
122	80	-23838.008
121	81	-25349.068
120	82	-29584.936
119	83	-30202.208
118	84	-33659.791
117	85	-33540.1
116	86	-34536
115	87	1010
114	88	1010
126	77	-13085.61
125	78	-17213.99
124	79	-18540.495
123	80	-23087.274
122	81	-24102.03
121	82	-29157.019
120	83	-29098.297
119	84	-32951.034
118	85	-32728.257
117	86	-28972.623
116	87	-33474.592
115	88	1010
127	77	-10630.73
126	78	-16368.09
125	79	-17842.02
124	80	-22039.078
123	81	-23649.39
122	82	-28295.445
121	83	-28759.094
120	84	-32232.839
119	85	-32434.836
118	86	-30333.365
117	87	-30817.385
116	88	1010
127	78	-13512.05
126	79	-16374.97
125	80	-21159.159
124	81	-22416.702
123	82	-27554.259
122	83	-27698.221
121	84	-31477.836
120	85	-31233.231
119	86	-29469.768
118	87	-29635.325
117	88	1010
128	78	-11627.81
127	79	-13753.3
126	80	-19777.137
125	81	-22036.581
124	82	-26812.176
123	83	-27302.447
122	84	-30459.554
121	85	-30932.98
120	86	1010
119	87	-28094.259
118	88	1010
117	89	1010
128	79	-11398.39
127	80	-16907.401
126	81	-20434.579
125	82	-26399.24
124	83	-26278.173
123	84	-29990.845
122	85	-29753.922
121	86	-33854.536
120	87	-28192.801
119	88	1010
118	89	1010
129	79	-8666.71
128	80	-14042.114
127	81	-17501.938
126	82	-25176.993
125	83	-25915.819
124	84	-29075.594
123	85	-29392.092
122	86	-33013.654
121	87	1010
120	88	-32327.14
119	89	1010
118	90	1010
130	79	-6060.37
129	80	-11213.67
128	81	-14296.522
127	82	-22186.692
126	83	-24600.4
125	84	-28454.759
124	85	-28322.496
123	86	-32213.259
122	87	-31658.014
121	88	-28708.636
120	89	1010
119	90	1010
131	79	-5734.18
130	80	-9363.12
129	81	-11299.047
128	82	-19161.514
127	83	-22211.982
126	84	-27261.569
125	85	-27924.161
124	86	-31207.371
123	87	-31738.6
122	88	-29771.45
121	89	-28930.282
120	90	1010
131	80	-8266.97
130	81	-9157.258
129	82	-16122.271
128	83	-18857.013
127	84	-24571.027
126	85	-26560.25
125	86	-30788.412
124	87	-30360.791
123	88	-28844.924
122	89	-29021.202
121	90	1010
132	80	-8470.17
131	81	-8974.12
130	82	-13950.687
129	83	-16282.504
128	84	-21987.302
127	85	-24267.895
126	86	-29464.981
125	87	-29998.889
124	88	1010
123	89	-26086.345
122	90	1010
121	91	1010
133	80	-7583.4
132	81	-8222.886
131	82	-13508.807
130	83	-14050.746
129	84	-19257.098
128	85	-21481.498
127	86	-26893.685
126	87	-28578.504
125	88	-33008.559
124	89	-28453.081
123	90	1010
122	91	1010
134	80	-7454.87
133	81	-8019.02
132	82	-13077.954
131	83	-13666.239
130	84	-17461.274
129	85	-19199.15
128	86	-24729.281
127	87	-26379.163
126	88	-31576.675
125	89	-24836.968
124	90	-31668.752
123	91	1010
135	80	-6940.91
134	81	-7171.84
133	82	-12442.56
132	83	-12761.1
131	84	-16898.298
130	85	-17329.777
129	86	-22243.026
128	87	-24044.235
127	88	-29452.823
126	89	-26649.678
125	90	-28149.207
124	91	1010
136	80	-6593.91
135	81	-6991.2
134	82	-12021.74
133	83	-12448.933
132	84	-16397.653
131	85	-16879.738
130	86	-20888.985
129	87	-21958.462
128	88	-27436.059
127	89	-23186.463
126	90	-28640.474
125	91	1010
136	81	-6215.97
135	82	-11484.17
134	83	-11538.176
133	84	-15730.15
132	85	-16053.467
131	86	-20314.188
130	87	-20513.536
129	88	-25087.073
128	89	1010
127	90	-25086.287
126	91	1010
125	92	1010
137	81	-6128.84
136	82	-10931.75
135	83	-11222.978
134	84	-15368.148
133	85	-15604.371
132	86	-19827.086
131	87	-20297.145
130	88	-24092.524
129	89	-24728.124
128	90	-24821.654
127	91	1010
126	92	1010
137	82	-10367.21
136	83	-10203.86
135	84	-14369.415
134	85	-14732.565
133	86	-18972.281
132	87	-19376.847
131	88	-23667.108
130	89	-23487.675
129	90	1010
128	91	-25255.056
127	92	1010
126	93	1010
138	82	-9782.76
137	83	-9971.63
136	84	-14184.976
135	85	-14180.077
134	86	-18485.627
133	87	-19185.993
132	88	-23109.214
131	89	-23189.398
130	90	-27195
129	91	-22628
128	92	1010
127	93	1010
138	83	-8938.43
137	84	-13041.973
136	85	-13568.426
135	86	-17580.436
134	87	-18060.876
133	88	-22661.237
132	89	-22614.242
131	90	-26281.763
130	91	-22551
129	92	-26294.81
128	93	1010
139	83	-8904.81
138	84	-13032.271
137	85	-12517.155
136	86	-17224.811
135	87	-17869.755
134	88	-21858.111
133	89	-22523.188
132	90	-26056
131	91	-21527
130	92	-25711
129	93	1010
140	83	-7835.61
139	84	-11883.46
138	85	-12345.413
137	86	-15897.869
136	87	-16611.41
135	88	-21336.289
134	89	-21708.29
133	90	-25622.895
132	91	-21746.855
131	92	-25389
130	93	1010
141	83	-7878.96
140	84	-11845.85
139	85	-11284.453
138	86	-15710.319
137	87	-16132.601
136	88	-20466.749
135	89	-21307.117
134	90	-25098.71
133	91	-19952.39
132	92	-26836
131	93	1010
141	84	-11085.61
140	85	-11041.57
139	86	-14660.188
138	87	-15311.353
137	88	-19568.121
136	89	-20297.647
135	90	-24512.117
134	91	-22693.638
133	92	-23215.926
132	93	1010
142	84	-10656.57
141	85	-10369.59
140	86	-14589.959
139	87	-14613.929
138	88	-19086.777
137	89	-19946.085
136	90	-23689.939
135	91	-19162.205
134	92	-25891
133	93	1010
143	84	-10183.09
142	85	-9755.37
141	86	-13608.318
140	87	-13913.506
139	88	-17874.548
138	89	-18980.266
137	90	-22963.191
136	91	-20558.485
135	92	-24421.769
134	93	1010
143	85	-9513.94
142	86	-13465.738
141	87	-13548.454
140	88	-17489.809
139	89	-18314.907
138	90	-22441.384
137	91	1010
136	92	-24629.713
135	93	1010
134	94	1010
144	85	-8670.08
143	86	-12735.507
142	87	-12904.591
141	88	-16542.59
140	89	-17333.519
139	90	-21275.426
138	91	-22023.456
137	92	-22880.09
136	93	1010
135	94	1010
144	86	-12395.27
143	87	-12368.102
142	88	-16317.636
141	89	-16743.791
140	90	-20817.494
139	91	-21721.058
138	92	1010
137	93	-20650.235
136	94	1010
135	95	1010
145	86	-11510.44
144	87	-11744.76
143	88	-15444.494
142	89	-15845.365
141	90	-19905.953
140	91	-20647.086
139	92	-24679.954
138	93	-22060.844
137	94	1010
136	95	1010
145	87	-11113.14
144	88	-15033.365
143	89	-15120.424
142	90	-19204.7
141	91	-19803.597
140	92	-24010
139	93	1010
138	94	-25736
137	95	1010
136	96	1010
146	87	-10112.16
145	88	-14112.375
144	89	-14414.08
143	90	-18316.954
142	91	-18842.488
141	92	-22923.713
140	93	-23661.458
139	94	-24029.39
138	95	1010
137	96	1010
146	88	-13624.779
145	89	-13594.9
144	90	-17540.792
143	91	-18186.677
142	92	-22229.846
141	93	-23188.463
140	94	1010
139	95	-21846
138	96	1010
137	97	1010
147	88	-12369.29
146	89	-12816.614
145	90	-16598.047
144	91	-17011.358
143	92	-21077.97
142	93	-21934.875
141	94	-25933.414
140	95	-23015.48
139	96	1010
138	97	1010
147	89	-12081.555
146	90	-15964.552
145	91	-16307.805
144	92	-20308.793
143	93	-21340.085
142	94	-24934
141	95	-21838.58
140	96	-26002.42
139	97	1010
148	89	-11008.07
147	90	-15053.727
146	91	-15416.367
145	92	-19337.45
144	93	-20131.901
143	94	-24101
142	95	1010
141	96	-24999
140	97	1010
139	98	1010
148	90	-14338.87
147	91	-14694.954
146	92	-18431.961
145	93	-19462.744
144	94	-23062.343
143	95	-24305.365
142	96	-24331
141	97	1010
140	98	1010
149	90	-13278.19
148	91	-13843.83
147	92	-17544.469
146	93	-18291.417
145	94	-22159.117
144	95	-23100.875
143	96	1010
142	97	-24435
141	98	1010
140	99	1010
149	91	-13183.57
148	92	-16834.256
147	93	-17484.027
146	94	-21095.74
145	95	-22401.679
144	96	-26062
143	97	-22938
142	98	1010
141	99	1010
150	91	-12268.52
149	92	-15905.33
148	93	-16564.03
147	94	-20280.847
146	95	-21089.884
145	96	-25097
144	97	1010
143	98	-26018
142	99	1010
141	100	1010
150	92	-15377.46
149	93	-15820.72
148	94	-19305.031
147	95	-20410.322
146	96	-24136
145	97	-25195.75
144	98	-25247
143	99	1010
142	100	1010
151	92	-14368.88
150	93	-14915.59
149	94	-18437.857
148	95	-19136.903
147	96	-23116.591
146	97	-23885
145	98	-23761
144	99	-26541.48
143	100	1010
151	93	-14460.65
150	94	-17852.696
149	95	-18649.91
148	96	-22216.85
147	97	-23282.669
146	98	-24787
145	99	-23213.57
144	100	1010
152	93	-13469.31
151	94	-17110.753
150	95	-17587.877
149	96	-21559.122
148	97	-22168.296
147	98	1010
146	99	-24993.92
145	100	1010
144	101	1010
152	94	-16545.35
151	95	-16967.18
150	96	-20776.72
149	97	-21723.375
148	98	-25306
147	99	-21566
146	100	1010
145	101	1010
153	94	-15486.09
152	95	-16052.43
151	96	-19818.819
150	97	-20624.743
149	98	-24655.564
148	99	-22413
147	100	-25954.31
146	101	1010
153	95	-15133.04
152	96	-19066
151	97	-19999.62
150	98	-23665
149	99	1010
148	100	-25890
147	101	1010
146	102	1010
154	95	-14158.99
153	96	-18078.051
152	97	-18845.481
151	98	-22983
150	99	-23550
149	100	-24391.43
148	101	1010
147	102	1010
154	96	-17254.236
153	97	-17949.543
152	98	-21945
151	99	-23104
150	100	-23630.29
149	101	-23925.53
148	102	1010
155	96	-16128.88
154	97	-16830.03
153	98	-20919.219
152	99	-21933.623
151	100	1010
150	101	-24623
149	102	1010
148	103	1010
156	96	-15327.62
155	97	-15987.01
154	98	-19862
153	99	-20970.756
152	100	-25018
151	101	-22874
150	102	1010
149	103	1010
156	97	-14890.66
155	98	-18760.9
154	99	-19665.452
153	100	-23994
152	101	1010
151	102	-24118
150	103	1010
149	104	1010
157	97	-14300.73
156	98	-17886.853
155	99	-18674.64
154	100	-22524
153	101	-23990.12
152	102	-24759
151	103	1010
150	104	1010
157	98	-17027.7
156	99	-17389.71
155	100	-21513.376
154	101	-22597.216
153	102	1010
152	103	-25593
151	104	1010
150	105	1010
158	98	-16553
157	99	-16914.24
156	100	-20381.02
155	101	-21589.36
154	102	-25496.67
153	103	-23449.086
152	104	1010
151	105	1010
158	99	-16184.67
157	100	-19607.23
156	101	-20379.102
155	102	-24202
154	103	-22640
153	104	-26243
152	105	1010
159	99	-15770
158	100	-19067
157	101	-19874.67
156	102	-22890
155	103	1010
154	104	-25092
153	105	1010
152	106	1010
159	100	-18436
158	101	-18819
157	102	-22518
156	103	-22912
155	104	-24000
154	105	1010
153	106	1010
160	100	-17713
159	101	-18355
158	102	-21704
157	103	-22290
156	104	1010
155	105	-23758
154	106	1010
153	107	1010
160	101	-17573
159	102	-21034
158	103	-21556.2
157	104	-25073
156	105	-23475
155	106	1010
154	107	1010
161	101	-17127
160	102	-20382
159	103	-20898.63
158	104	-24084
157	105	-21476.82
156	106	-27544
155	107	1010
161	102	-19790
160	103	-19982
159	104	-23722
158	105	1010
157	106	-25278
156	107	1010
155	108	1010
162	102	-19057
161	103	-19638
160	104	-22833
159	105	-23373
158	106	-26117
157	107	1010
156	108	1010
162	103	-18755
161	104	-22336
160	105	-22578.63
159	106	1010
158	107	-24187
157	108	1010
156	109	1010
163	103	-17848
162	104	-21748
161	105	-22023.26
160	106	-25368
159	107	-22300.89
158	108	1010
157	109	1010
163	104	-20597
162	105	-21421
161	106	-24905
160	107	1010
159	108	-26210
158	109	1010
157	110	1010
164	104	-19437
163	105	-20592
162	106	-24161
161	107	-24815
160	108	-27260
159	109	1010
158	110	1010
164	105	-19145
163	106	-23005
162	107	-24197
161	108	-24206
160	109	-27145
159	110	1010
165	105	-18159
164	106	-22127
163	107	-22974.78
162	108	-25008
161	109	-25385
160	110	1010
165	106	-20550
164	107	-21546
163	108	-23930
162	109	-25147
161	110	1010
166	106	-19380
165	107	-20443
164	108	1010
163	109	-21874
162	110	1010
161	111	1010
167	106	-19262
166	107	-18988
165	108	-23480
164	109	-22574
163	110	1010
162	111	1010
167	107	-18715
166	108	-22329
165	109	-21096
164	110	-24678
163	111	1010
168	107	-18053
167	108	-21461
166	109	-22308
165	110	-22649
164	111	1010
168	108	-20857
167	109	1010
166	110	-23082
165	111	1010
164	112	1010
169	108	-20662
168	109	-20986
167	110	-21408
166	111	1010
165	112	1010
169	109	-20678
168	110	1010
167	111	-22490
166	112	1010
165	113	1010
170	109	-19978
169	110	-22910
168	111	-23940
167	112	1010
166	113	1010
170	110	-22539
169	111	-20318
168	112	-26272
167	113	1010
171	110	-22035
170	111	-21813
169	112	-24636
168	113	1010
171	111	-21050
170	112	-23897
169	113	1010
172	111	-22645
171	112	-22402
170	113	1010
172	112	-24695
171	113	1010
173	112	-21394
172	113	1010
171	114	1010
173	113	1010
172	114	1010
174	113	-23715
173	114	1010
172	115	1010
174	114	1010
173	115	1010
175	114	-22292
174	115	1010
173	116	1010
175	115	1010
174	116	1010
176	115	-24611
175	116	1010
174	117	1010
176	116	1010
175	117	1010
177	116	-23116
176	117	1010
175	118	1010
177	117	1010
176	118	1010
177	118	1010
