N	Z	Q(b4n)
1	0	1010
0	1	1010
1	1	1010
2	1	1010
1	2	1010
0	3	1010
3	1	1010
2	2	1010
1	3	1010
4	1	1010
3	2	-32466.693
2	3	1010
1	4	1010
5	1	1010
4	2	1010
3	3	1010
2	4	1010
1	5	1010
6	1	-15750.74
5	2	1010
4	3	-40498.943
3	4	1010
2	5	1010
6	2	-39160.832
5	3	1010
4	4	-59800.766
3	5	1010
2	6	1010
7	2	-21516.546
6	3	1010
5	4	-31050.735
4	5	1010
3	6	1010
8	2	-14929.638
7	3	-23539.834
6	4	1010
5	5	-39525.494
4	6	1010
3	7	1010
8	3	-21166.143
7	4	1010
6	5	-36661.412
5	6	1010
4	7	1010
9	3	-11671.937
8	4	-40720.237
7	5	1010
6	6	-53472.742
5	7	1010
4	8	1010
10	3	-1646.837
9	4	-26252.243
8	5	1010
7	6	-38587.162
6	7	1010
5	8	1010
10	4	-20174.837
9	5	-32528.818
8	6	1010
7	7	-45234.91
6	8	1010
5	9	1010
11	4	-4331.44
10	5	-26712.126
9	6	1010
8	7	-37806.636
7	8	1010
6	9	1010
12	4	4318.672
11	5	-10937.348
10	6	-42738.709
9	7	1010
8	8	-54173.856
7	9	1010
6	10	1010
12	5	-2051.962
11	6	-26211.037
10	7	1010
9	8	-35165.975
8	9	1010
7	10	1010
13	5	9821.918
12	6	-22858.194
11	7	-33103.636
10	8	1010
9	9	-40391.68
8	10	1010
7	11	1010
14	5	9603.19
13	6	-11181.879
12	7	-30369.376
11	8	1010
10	9	1010
9	10	1010
8	11	1010
7	12	1010
15	5	14508.2
14	6	-8731.4
13	7	-22096.898
12	8	-47548.538
11	9	1010
10	10	-47420.495
9	11	1010
8	12	1010
16	5	15752.41
15	6	-1057.79
14	7	-17850.793
13	8	-37849.944
12	9	-54999.803
11	10	1010
10	11	-50265.662
9	12	1010
8	13	1010
16	6	2350.709
15	7	-5025.547
14	8	-35016.604
13	9	-40408.569
12	10	1010
11	11	1010
10	12	1010
9	13	1010
8	14	1010
17	6	9995.02
16	7	-1447.78
15	8	-24962.214
14	9	-39627.224
13	10	-55497.042
12	11	1010
11	12	-49849.335
10	13	1010
9	14	1010
17	7	7442.89
16	8	-19814.674
15	9	-30234.653
14	10	-51304.753
13	11	-62896.649
12	12	1010
11	13	-48009.968
10	14	1010
9	15	1010
18	7	12171.03
17	8	-8078.56
16	9	-23487.225
15	10	-40479.459
14	11	-56040.186
13	12	1010
12	13	-48666.496
11	14	1010
10	15	1010
18	8	-3554.584
17	9	-9949.545
16	10	-35550.365
15	11	-43097.804
14	12	-70798.563
13	13	1010
12	14	-55642
11	15	1010
10	16	1010
19	8	4642
18	9	-6989.671
17	10	-24172.211
16	11	-40821.891
15	12	-58416.087
14	13	1010
13	14	-47060.928
12	15	1010
11	16	1010
20	8	7002.08
19	9	1352.051
18	10	-18773.336
17	11	-31410.855
16	12	-53214.25
15	13	-65000.186
14	14	1010
13	15	-51515.945
12	16	1010
11	17	1010
20	9	4288.49
19	10	-9375.705
18	11	-24529.364
17	12	-41921.337
16	13	-58289.903
15	14	1010
14	15	-51075.043
13	16	1010
12	17	1010
21	9	10669.74
20	10	-7279.307
19	11	-11732.033
18	12	-37371.335
17	13	-44797.142
16	14	-72643.852
15	15	1010
14	16	-57868
13	17	1010
12	18	1010
22	9	12413.77
21	10	-895.223
20	11	-10475.458
19	12	-24691.031
18	13	-41231.28
17	14	-59115.215
16	15	1010
15	16	-51135.401
14	17	1010
13	18	1010
22	10	1012.64
21	11	-4236.605
20	12	-21345.889
19	13	-30907.362
18	14	-53940.712
17	15	-66221.5
16	16	1010
15	17	-51933.323
14	18	1010
13	19	1010
23	10	7938.11
22	11	-2761.01
21	12	-14264.893
20	13	-25347.787
19	14	-42296.269
18	15	-60258.452
17	16	1010
16	17	-48740.044
15	18	1010
14	19	1010
24	10	9776.99
23	11	3953.84
22	12	-13107.221
21	13	-15192.642
20	14	-39042.54
19	15	-46996.376
18	16	-71200.655
17	17	1010
16	18	-57889
15	19	1010
14	20	1010
24	11	6746.24
23	12	-6697.693
22	13	-14251.144
21	14	-28318.528
20	15	-44220.324
19	16	-58343.517
18	17	1010
17	18	-47752.519
16	19	1010
15	20	1010
25	11	12865.95
24	12	-4538.536
23	13	-7110.593
22	14	-25211.815
21	15	-34457.854
20	16	-54705.667
19	17	-63731.358
18	18	1010
17	19	-48250.915
16	20	1010
15	21	1010
26	11	12983.48
25	12	2085.81
24	13	-6165.499
23	14	-16769.753
22	15	-30335.394
21	16	-43795.449
20	17	-58923.743
19	18	1010
18	19	-48180.133
17	20	1010
16	21	1010
26	12	1419.68
25	13	120.847
24	14	-16480.603
23	15	-20773.979
22	16	-41008.12
21	17	-47459.157
20	18	-69479.386
19	19	1010
18	20	-55709
17	21	1010
16	22	1010
27	12	6347.2
26	13	-960.57
25	14	-9007.475
24	15	-20512.677
23	16	-32693.084
22	17	-45284.452
21	18	-58383.63
20	19	1010
19	20	-48519.992
18	21	1010
17	22	1010
28	12	6705.5
27	13	3881.05
26	14	-9945.757
25	15	-13823.579
24	16	-30059.763
23	17	-37916.148
22	18	-54501.773
21	19	-63278.626
20	20	1010
19	21	-50582.95
18	22	1010
17	23	1010
28	13	3435.81
27	14	-4843.325
26	15	-13928.01
25	16	-23246.009
24	17	-34205.453
23	18	-46015.282
22	19	-58457.476
21	20	1010
20	21	-50261.874
19	22	1010
18	23	1010
29	13	8322.47
28	14	-5004.28
27	15	-7820.455
26	16	-23851.736
25	17	-25859.214
24	18	-44770.259
23	19	-48715.183
22	20	-69814.54
21	21	1010
20	22	-55219
19	23	1010
18	24	1010
30	13	10352.48
29	14	-1220.11
28	15	-7539.175
27	16	-18189.382
26	17	-26811.319
25	18	-36281.219
24	19	-47346.314
23	20	-60164.035
22	21	1010
21	22	-49851.728
20	23	1010
19	24	1010
30	14	-478.37
29	15	-2456.33
28	16	-17335.974
27	17	-21393.735
26	18	-35631.333
25	19	-41963.424
24	20	-58129.15
23	21	-64874.947
22	22	1010
21	23	-48531
20	24	1010
19	25	1010
31	14	6211.25
30	15	-2527.38
29	16	-11992.472
28	17	-21038.54
27	18	-30363.749
26	19	-40180.126
25	20	-50873.515
24	21	-61249.725
23	22	1010
22	23	1010
21	24	1010
20	25	1010
19	26	1010
31	15	2645.86
30	16	-11270.3
29	17	-15092.078
28	18	-30179.068
27	19	-32808.957
26	20	-50565.917
25	21	-52333.564
24	22	-71913.254
23	23	1010
22	24	-54502
21	25	1010
20	26	1010
32	15	5503.15
31	16	-5615.97
30	17	-14142.79
29	18	-24145.094
28	19	-33112.373
27	20	-43682.803
26	21	-52657.86
25	22	-62774.489
24	23	-75798.634
23	24	1010
22	25	-55557
21	26	1010
20	27	1010
32	16	-2584.19
31	17	-7703
30	18	-22053.74
29	19	-25796.088
28	20	-42151.689
27	21	-46009.816
26	22	-60068.766
25	23	-66290.874
24	24	1010
23	25	1010
22	26	1010
21	27	1010
20	28	1010
33	16	5114.85
32	17	-4885.08
31	18	-15659.23
30	19	-23179.716
29	20	-35204.692
28	21	-44681.743
27	22	-53913.576
26	23	-62844.7
25	24	-75228.885
24	25	1010
23	26	-54390
22	27	1010
21	28	1010
33	17	3219.9
32	18	-12964.74
31	19	-16727.304
30	20	-32118.16
29	21	-35781.103
28	22	-52542.975
27	23	-54760.837
26	24	-71871.907
25	25	-77873.601
24	26	-54310
23	27	-55553
22	28	1010
34	17	4011.73
33	18	-5209.56
32	19	-14670.46
31	20	-26305.466
30	21	-33069.636
29	22	-44662.934
28	23	-54607.87
27	24	-63111.949
26	25	-75889.405
25	26	-50207.187
24	27	-57616
23	28	1010
34	18	-3144.63
33	19	-7277.22
32	20	-24220.523
31	21	-26177.471
30	22	-40609.884
29	23	-47310.833
28	24	-61284.495
27	25	-67077.861
26	26	1010
25	27	-48718
24	28	1010
23	29	1010
35	18	2142.76
34	19	-4725.77
33	20	-17160.18
32	21	-24495.668
31	22	-33357.12
30	23	-43428.607
29	24	-54644.149
28	25	-63464.351
27	26	1010
26	27	-50463.803
25	28	1010
24	29	1010
35	19	848.16
34	20	-15345.25
33	21	-17931.016
32	22	-31288.376
31	23	-34680.859
30	24	-52531.474
29	25	-55258.867
28	26	-73225.547
27	27	1010
26	28	-56055
25	29	1010
24	30	1010
36	19	2041.83
35	20	-9821.98
34	21	-15254.529
33	22	-25125.48
32	23	-32676.897
31	24	-44075.498
30	25	-54754.658
29	26	-64388.649
28	27	1010
27	28	-50336.825
26	29	1010
25	30	1010
37	19	6811.1
36	20	-8815.63
35	21	-9767.08
34	22	-22952.81
33	23	-25827.227
32	24	-40040.47
31	25	-47626.243
30	26	-61378.734
29	27	-67265.519
28	28	1010
27	29	-51632
26	30	1010
25	31	1010
37	20	-4267.4
36	21	-8740.84
35	22	-16783.658
34	23	-24105.559
33	24	-32413.368
32	25	-43038.761
31	26	-54110.042
30	27	-63919.359
29	28	1010
28	29	-52693
27	30	1010
26	31	1010
38	20	-3669.03
37	21	-4509.12
36	22	-16190.38
35	23	-18871.573
34	24	-31015.906
33	25	-33827.653
32	26	-51829.299
31	27	-54944.285
30	28	-73446.019
29	29	1010
28	30	-59857
27	31	1010
26	32	1010
38	21	-4086.98
37	22	-11740.08
36	23	-18076.125
35	24	-25574.8
34	25	-32702.307
33	26	-42653.964
32	27	-53099.531
31	28	-64455.496
30	29	1010
29	30	-53027
28	31	1010
27	32	1010
39	21	105.22
38	22	-11434.1
37	23	-12950.4
36	24	-24764.748
35	25	-27343.113
34	26	-40528.505
33	27	-45582.407
32	28	-61382.032
31	29	-68228.029
30	30	1010
29	31	-53123
28	32	1010
27	33	1010
40	21	-273.23
39	22	-7017.49
38	23	-13156.53
37	24	-19883.547
36	25	-26428.428
35	26	-34602.751
34	27	-43160.511
33	28	-53312.228
32	29	-64473.514
31	30	1010
30	31	-53348
29	32	1010
28	33	1010
40	22	-7122
39	23	-8723.03
38	24	-19986.74
37	25	-21627.27
36	26	-33956.014
35	27	-36230.331
34	28	-52888.946
33	29	-55187.865
32	30	-72550.066
31	31	-46137
30	32	-59969
29	33	1010
41	22	-2745.57
40	23	-8537.42
39	24	-15218.641
38	25	-21542.822
37	26	-28618.732
36	27	-35779.358
35	28	-45226.303
34	29	-54707.237
33	30	-63404.199
32	31	-45796.876
31	32	-54184
30	33	1010
41	23	-3652.13
40	24	-15631.7
39	25	-16748.87
38	26	-28468.117
37	27	-30167.569
36	28	-43443.085
35	29	-48959.214
34	30	-61372.979
33	31	1010
32	32	-51670
31	33	1010
30	34	1010
42	23	-3793.51
41	24	-10714.75
40	25	-17229.906
39	26	-23339.914
38	27	-29656.826
37	28	-37941.445
36	29	-46892.609
35	30	-54960.34
34	31	1010
33	32	-44573.165
32	33	1010
31	34	1010
43	23	468.07
42	24	-10448.27
41	25	-12973.917
40	26	-23395.196
39	27	-24490.599
38	28	-37758.775
37	29	-39831.087
36	30	-54723.95
35	31	-56132.2
34	32	-44737.956
33	33	-49724
32	34	1010
43	24	-5936.21
42	25	-12991.74
41	26	-19223.925
40	27	-24450.066
39	28	-32986.061
38	29	-39872.032
37	30	-47158.181
36	31	-56105.312
35	32	1010
34	33	-46051.936
33	34	1010
32	35	1010
44	24	-5925.82
43	25	-7973.3
42	26	-19011.047
41	27	-19310.487
40	28	-32852.7
39	29	-34324.998
38	30	-45437.5
37	31	-50585.347
36	32	1010
35	33	-41037.077
34	34	1010
33	35	1010
44	25	-6988.6
43	26	-14438.01
42	27	-19249.207
41	28	-27394.046
40	29	-34584.063
39	30	-40348.91
38	31	-48809.476
37	32	-55982.06
36	33	1010
35	34	-46710.236
34	35	1010
33	36	1010
45	25	-3426.68
44	26	-14080.24
43	27	-15298.673
42	28	-27756.478
41	29	-28837.843
40	30	-40211.548
39	31	-41957.056
38	32	-56936.95
37	33	1010
36	34	-46440.272
35	35	1010
34	36	1010
46	25	-3857.21
45	26	-10091.02
44	27	-15587.718
43	28	-22766.582
42	29	-29384.601
41	30	-35067.138
40	31	-42035.511
39	32	-49470.51
38	33	-57635.98
37	34	1010
36	35	-48146.212
35	36	1010
34	37	1010
46	26	-10275.26
45	27	-11436.24
44	28	-23213.082
43	29	-24527.623
42	30	-35408.59
41	31	-36249.975
40	32	-48171.042
39	33	-51577.538
38	34	1010
37	35	-42020.746
36	36	1010
35	37	1010
47	26	-6807.94
46	27	-12039.82
45	28	-19242.525
44	29	-25334.995
43	30	-30799.268
42	31	-37159.031
41	32	-42834.904
40	33	-50316.061
39	34	-57787.603
38	35	1010
37	36	-47665
36	37	1010
35	38	1010
48	26	-7959.84
47	27	-8132.86
46	28	-20419.84
45	29	-20982.533
44	30	-32083.985
43	31	-32094.015
42	32	-43698.837
41	33	-43668.403
40	34	-59230.512
39	35	1010
38	36	-48703.849
37	37	1010
36	38	1010
48	27	-8242.14
47	28	-16309.42
46	29	-21722.654
45	30	-27226.288
44	31	-33394.425
43	32	-38649.024
42	33	-44863.949
41	34	-51944.533
40	35	-59509.005
39	36	-42162.929
38	37	-50707
37	38	1010
49	27	-4472.94
48	28	-16136.07
47	29	-17294.989
46	30	-27969.986
45	31	-28198.21
44	32	-39638.917
43	33	-39045.742
42	34	-50812.061
41	35	-53662.871
40	36	1010
39	37	-44438.442
38	38	1010
37	39	1010
49	28	-12089.4
48	29	-17594.45
47	30	-23492.011
46	31	-28850.652
45	32	-34591.623
44	33	-39877.924
43	34	-45389.43
42	35	-52381.193
41	36	1010
40	37	-43017.436
39	38	1010
38	39	1010
50	28	-12848.06
49	29	-13128.884
48	30	-23997.444
47	31	-24552.287
46	32	-35019.003
45	33	-35015.711
44	34	-45478.444
43	35	-45649.558
42	36	-59911.128
41	37	1010
40	38	-47820
39	39	1010
38	40	1010
51	28	-8037.97
50	29	-13708.1
49	30	-19444.966
48	31	-24938.024
47	32	-30728.785
46	33	-35594.684
45	34	-40940.38
44	35	-45857.338
43	36	-53475.422
42	37	1010
41	38	-42917
40	39	1010
39	40	1010
51	29	-8905.9
50	30	-19625.425
49	31	-20380.451
48	32	-31440.495
47	33	-31187.553
46	34	-41832.663
45	35	-41132.241
44	36	-51863.526
43	37	-55501.157
42	38	-39961.578
41	39	-44896.86
40	40	1010
52	29	-7407.73
51	30	-14834.499
50	31	-20858.217
49	32	-26848.482
48	33	-32153.697
47	34	-37259.896
46	35	-41869.877
45	36	-46531.931
44	37	-53602.408
43	38	1010
42	39	-40177.335
41	40	1010
40	41	1010
53	29	-2187.4
52	30	-13556.95
51	31	-15515.132
50	32	-27094.137
49	33	-27325.891
48	34	-38002.512
47	35	-37587.799
46	36	-47616.175
45	37	-46587.957
44	38	1010
43	39	-35370
42	40	1010
41	41	1010
53	30	-8531.44
52	31	-14202.258
51	32	-21766.132
50	33	-27860.795
49	34	-33264.147
48	35	-38873.33
47	36	-43311.432
46	37	-47341.894
45	38	-54834.511
44	39	1010
43	40	-41053
42	41	1010
41	42	1010
54	30	-7515.1
53	31	-9507.44
52	32	-20616.408
51	33	-22393.929
50	34	-34306.866
49	35	-34117.539
48	36	-44367.315
47	37	-43511.545
46	38	-53691.229
45	39	1010
44	40	-40606
43	41	1010
42	42	1010
55	30	-2387.46
54	31	-8445.32
53	32	-15301.436
52	33	-21624.138
51	34	-28782.207
50	35	-35176.368
49	36	-40332.57
48	37	-44918.504
47	38	-49053.183
46	39	-55040.248
45	40	1010
44	41	-42050.923
43	42	1010
42	43	1010
55	31	-3149.08
54	32	-14041.02
53	33	-16126.016
52	34	-27993.395
51	35	-29351.826
50	36	-41181.695
49	37	-40930.841
48	38	-51027.36
47	39	-49756.296
46	40	1010
45	41	-36432.634
44	42	1010
43	43	1010
56	31	-2754.12
55	32	-8490.24
54	33	-14718.732
53	34	-22566.378
52	35	-28473.375
51	36	-36003.671
50	37	-41952.287
49	38	-46916.8
48	39	-51504.64
47	40	-57007.494
46	41	1010
45	42	-43512.764
44	43	1010
43	44	1010
56	32	-8544.34
55	33	-8927.91
54	34	-20399.197
53	35	-23133.713
52	36	-34245.101
51	37	-36030.743
50	38	-47966.53
49	39	-47191.662
48	40	-57165.082
47	41	1010
46	42	-43326.229
45	43	1010
44	44	1010
57	32	-4779.22
56	33	-8483.8
55	34	-14500.428
54	35	-21178.728
53	36	-28914.066
52	37	-34647.329
51	38	-42227.769
50	39	-48778.01
49	40	-52993.166
48	41	-58200.22
47	42	1010
46	43	-42831
45	44	1010
44	45	1010
58	32	-4070.97
57	33	-4999.26
56	34	-14125.259
55	35	-14621.848
54	36	-26831.63
53	37	-28873.873
52	38	-40421.666
51	39	-42638.142
50	40	-53926.216
49	41	-52745.316
48	42	1010
47	43	-38708.894
46	44	1010
45	45	1010
58	33	-4627.81
57	34	-10382.18
56	35	-14300.429
55	36	-20189.719
54	37	-26841.409
53	38	-34241.71
52	39	-40954.529
51	40	-48147.442
50	41	-54042.273
49	42	-59864.499
48	43	1010
47	44	-44146
46	45	1010
45	46	1010
59	33	-1276.7
58	34	-10416.57
57	35	-10477.295
56	36	-20012.056
55	37	-20794.952
54	38	-32449.328
53	39	-34963.704
52	40	-46283.685
51	41	-47983.528
50	42	-59408.775
49	43	1010
48	44	-45005.114
47	45	1010
46	46	1010
59	34	-6768.14
58	35	-10715.144
57	36	-16551.911
56	37	-20479.337
55	38	-26593.709
54	39	-33214.373
53	40	-40388.479
52	41	-46266.735
51	42	-53321.703
50	43	-60514.474
49	44	1010
48	45	-45100
47	46	1010
46	47	1010
60	34	-6645.9
59	35	-7094.08
58	36	-16396.302
57	37	-16791.941
56	38	-26229.426
55	39	-27783.501
54	40	-38333.834
53	41	-40129.034
52	42	-51680.948
51	43	-53172.524
50	44	1010
49	45	-39867.567
48	46	1010
47	47	1010
61	34	-3048.56
60	35	-6956.52
59	36	-12807.891
58	37	-16632.11
57	38	-22751.943
56	39	-27278.212
55	40	-33148.59
54	41	-38503.793
53	42	-45719.338
52	43	-51914.029
51	44	-60059.331
50	45	1010
49	46	-46547
48	47	1010
47	48	1010
61	35	-3185.28
60	36	-12790.907
59	37	-12967.586
58	38	-22099.892
57	39	-23736.743
56	40	-33023.953
55	41	-32974.79
54	42	-43700.652
53	43	-45603.182
52	44	-57557.143
51	45	1010
50	46	-46340.523
49	47	1010
48	48	1010
62	35	-3641.81
61	36	-8730.731
60	37	-12968.997
59	38	-18479.195
58	39	-22583.823
57	40	-29647.379
56	41	-32845.539
55	42	-38064.418
54	43	-43888.798
53	44	-51292.33
52	45	-58740.271
51	46	1010
50	47	-46765
49	48	1010
48	49	1010
63	35	-1149.75
62	36	-9201.24
61	37	-9521.647
60	38	-18293.186
59	39	-18462.466
58	40	-28581.689
57	41	-29167.653
56	42	-38068.367
55	43	-37776.09
54	44	-49378.343
53	45	-51341.587
52	46	1010
51	47	-41115
50	48	1010
49	49	1010
63	36	-7054.08
62	37	-9584.461
61	38	-15393.74
60	39	-18417.966
59	40	-24409.531
58	41	-28576.045
57	42	-34017.084
56	43	-37868.138
55	44	-43197.434
54	45	-49534.785
53	46	-57827.026
52	47	1010
51	48	-45768
50	49	1010
49	50	1010
64	36	-8051.37
63	37	-7495.89
62	38	-16087.786
61	39	-16400.719
60	40	-24725.608
59	41	-24972.834
58	42	-34456.73
57	43	-33986.604
56	44	-43405.549
55	45	-43110.692
54	46	-54862.446
53	47	1010
52	48	-42951.624
51	49	1010
50	50	1010
65	36	-4618.93
64	37	-8131.65
63	38	-13747.76
62	39	-17275.273
61	40	-22138.5
60	41	-25537.026
59	42	-30307.726
58	43	-34253.9
57	44	-39283.761
56	45	-43420.189
55	46	-48240.823
54	47	-56049.888
53	48	-37906
52	49	-45482.85
51	50	1010
65	37	-5374.28
64	38	-13817.57
63	39	-14457.654
62	40	-22626.423
61	41	-22285.448
60	42	-31028.073
59	43	-30335.789
58	44	-39908.523
57	45	-39303.412
56	46	-48459.082
55	47	-47987.98
54	48	-38428.199
53	49	-37556.41
52	50	1010
66	37	-4982.33
65	38	-10778.15
64	39	-15022.659
63	40	-19479.557
62	41	-23103.017
61	42	-27528.224
60	43	-30986.952
59	44	-35603.995
58	45	-39698.2
57	46	-44451.292
56	47	-47912.985
55	48	1010
54	49	-38357.52
53	50	1010
52	51	1010
66	38	-10732.22
65	39	-11541.19
64	40	-19641.498
63	41	-19530.828
62	42	-28245.858
61	43	-27153.531
60	44	-36468.362
59	45	-35618.666
58	46	-44922.623
57	47	-44435.357
56	48	1010
55	49	-34722.553
54	50	1010
53	51	1010
67	38	-7324.45
66	39	-11662.24
65	40	-16422.19
64	41	-19899.277
63	42	-24849.109
62	43	-28247.301
61	44	-32460.265
60	45	-36332.632
59	46	-40913.79
58	47	-45072.581
57	48	-49826.956
56	49	1010
55	50	-40128.896
54	51	1010
53	52	1010
68	38	-7386.14
67	39	-8392.54
66	40	-16635.97
65	41	-16357.684
64	42	-25324.995
63	43	-24479.34
62	44	-33477.895
61	45	-32415.854
60	46	-41501.692
59	47	-40985.927
58	48	-50537.363
57	49	1010
56	50	-40757.769
55	51	1010
54	52	1010
69	38	-4170.82
68	39	-8394.31
67	40	-13097.41
66	41	-16590.122
65	42	-21563.536
64	43	-25055.412
63	44	-29630.985
62	45	-33387.768
61	46	-37510.632
60	47	-41532.267
59	48	-46272.08
58	49	-50236.351
57	50	1010
56	51	-41371.343
55	52	1010
54	53	1010
69	39	-5296.16
68	40	-13583.92
67	41	-13027.347
66	42	-21942.373
65	43	-21500.587
64	44	-30247.228
63	45	-29530.32
62	46	-38379.293
61	47	-37476.207
60	48	-46901.84
59	49	-46614.518
58	50	1010
57	51	-37348.279
56	52	1010
55	53	1010
70	39	-5332.19
69	40	-10290.93
68	41	-13223.146
67	42	-18345.91
66	43	-21939.614
65	44	-26471.056
64	45	-30426.794
63	46	-34408.989
62	47	-38133.591
61	48	-42823.222
60	49	-47440.038
59	50	-52362.33
58	51	1010
57	52	-41959.207
56	53	1010
55	54	1010
70	40	-10736.33
69	41	-10070.29
68	42	-18710.692
67	43	-18465.555
66	44	-27174.998
65	45	-26686.101
64	46	-35360.936
63	47	-34262.526
62	48	-43518.5
61	49	-43134.251
60	50	-53499.57
59	51	1010
58	52	-43235.928
57	53	1010
56	54	1010
71	40	-7966.44
70	41	-10535.31
69	42	-15246.949
68	43	-18951.331
67	44	-23564.926
66	45	-27732.008
65	46	-31454.861
64	47	-35305.79
63	48	-39636.098
62	49	-43917.343
61	50	-49254.363
60	51	-53629.519
59	52	-39123.929
58	53	-43207.811
57	54	1010
72	40	-8183.25
71	41	-7567.77
70	42	-15620.79
69	43	-15460.054
68	44	-24210.956
67	45	-23913.665
66	46	-32669.642
65	47	-31334.222
64	48	-40539.544
63	49	-39772.041
62	50	-50090.686
61	51	-49762.247
60	52	1010
59	53	-39065.378
58	54	1010
57	55	1010
72	41	-7945.8
71	42	-12495.36
70	43	-15918.407
69	44	-20661.467
68	45	-24856.675
67	46	-28635.202
66	47	-32447.708
65	48	-36517.949
64	49	-40471.131
63	50	-45942.464
62	51	-50925.967
61	52	1010
60	53	-40125.604
59	54	1010
58	55	1010
73	41	-4801.95
72	42	-12817.17
71	43	-12593.91
70	44	-21121.491
69	45	-21115.897
68	46	-29770.035
67	47	-28541.607
66	48	-37205.715
65	49	-36518.741
64	50	-46977.001
63	51	-46272.875
62	52	-55505.61
61	53	1010
60	54	-43927.239
59	55	1010
58	56	1010
74	41	-5303.12
73	42	-9684.17
72	43	-13158.04
71	44	-17777.241
70	45	-21964.383
69	46	-25855.592
68	47	-29930.272
67	48	-33590.165
66	49	-37209.1
65	50	-43120.31
64	51	-47394.754
63	52	-51163.882
62	53	1010
61	54	-40871
60	55	1010
59	56	1010
74	42	-10043.24
73	43	-9859.85
72	44	-18252.612
71	45	-18230.856
70	46	-26867.666
69	47	-25781.737
68	48	-34755.43
67	49	-33358.071
66	50	-44011.981
65	51	-43179.193
64	52	-52138.725
63	53	-51428.982
62	54	1010
61	55	-39809
60	56	1010
59	57	1010
75	42	-7214.95
74	43	-10361.21
73	44	-14775.053
72	45	-19090.355
71	46	-23134.014
70	47	-26746.876
69	48	-30803.552
68	49	-34227.17
67	50	-39777.938
66	51	-44390.659
65	52	-47836.266
64	53	-52661.963
63	54	1010
62	55	-42087.404
61	56	1010
60	57	1010
75	43	-7563.67
74	44	-15816.06
73	45	-15330.264
72	46	-24110.002
71	47	-23253.401
70	48	-31911.84
69	49	-30415.345
68	50	-40595.32
67	51	-40044.886
66	52	-48836.182
65	53	-47866.961
64	54	-57219.689
63	55	-37987
62	56	-46982
61	57	1010
76	43	-8120.07
75	44	-12415.19
74	45	-16242.03
73	46	-20267.762
72	47	-24179.864
71	48	-28153.966
70	49	-31672.787
69	50	-37040.216
68	51	-41273.14
67	52	-44842.357
66	53	-48833.857
65	54	-52965.951
64	55	1010
63	56	-42016
62	57	1010
61	58	1010
77	43	-5435.96
76	44	-13506.34
75	45	-12966.23
74	46	-21512.017
73	47	-20680.757
72	48	-29436.103
71	49	-28032.38
70	50	-38169.748
69	51	-37099.836
68	52	-46161.68
67	53	-44493.763
66	54	-54114.695
65	55	1010
64	56	-44035
63	57	1010
62	58	1010
77	44	-10266.68
76	45	-14404.18
75	46	-17958.507
74	47	-21843.395
73	48	-25783.952
72	49	-29419.447
71	50	-34494.641
70	51	-38389.206
69	52	-41861.279
68	53	-45897.245
67	54	-49764.564
66	55	-53515.875
65	56	1010
64	57	-42904
63	58	1010
62	59	1010
78	44	-11336.24
77	45	-10833.24
76	46	-19094.291
75	47	-18276.975
74	48	-27084.699
73	49	-25705.889
72	50	-36136.091
71	51	-34433.264
70	52	-43102.64
69	53	-41913.594
68	54	-50606.968
67	55	-49617.755
66	56	1010
65	57	-39346
64	58	1010
63	59	1010
79	44	-8362.89
78	45	-11951.99
77	46	-15893.8
76	47	-19378.427
75	48	-23489.516
74	49	-27146.104
73	50	-32195.155
72	51	-35733.529
71	52	-39147.085
70	53	-42658.107
69	54	-46811.998
68	55	-50101.443
67	56	-54388
66	57	-40175
65	58	-43947
64	59	1010
80	44	-9625.66
79	45	-8925.93
78	46	-17030.56
77	47	-16165.722
76	48	-24701.364
75	49	-23424.81
74	50	-33471.153
73	51	-31897.911
72	52	-40316.707
71	53	-38776.843
70	54	-47516.928
69	55	-46450.03
68	56	-55038.165
67	57	1010
66	58	-44954
65	59	1010
64	60	1010
80	45	-10008.55
79	46	-14005.81
78	47	-17181.353
77	48	-21234.334
76	49	-24796.531
75	50	-29850.334
74	51	-33313.7
73	52	-36408.71
72	53	-39887.773
71	54	-43543.002
70	55	-47089.525
69	56	-50997.481
68	57	1010
67	58	-41200
66	59	1010
65	60	1010
81	45	-7049.76
80	46	-15002.35
79	47	-14144.44
78	48	-22444.143
77	49	-21363.983
76	50	-31225.14
75	51	-29637.767
74	52	-37603.997
73	53	-36115.646
72	54	-44414.352
71	55	-43450.313
70	56	-51868.924
69	57	-50809.91
68	58	1010
67	59	-41302
66	60	1010
65	61	1010
81	46	-11917.09
80	47	-15093.49
79	48	-18742.165
78	49	-22545.849
77	50	-27646.953
76	51	-31090.327
75	52	-33882.044
74	53	-37225.129
73	54	-40655.596
72	55	-44177.817
71	56	-47855.096
70	57	-51459.772
69	58	1010
68	59	-42085
67	60	1010
66	61	1010
82	46	-12748.66
81	47	-12277.09
80	48	-19991.25
79	49	-19344.349
78	50	-29081.408
77	51	-27564.957
76	52	-34948.816
75	53	-33587.422
74	54	-41447.053
73	55	-40260.287
72	56	-48698.077
71	57	-47411.503
70	58	-56084.161
69	59	1010
68	60	-47031
67	61	1010
66	62	1010
82	47	-13140.51
81	48	-16825.72
80	49	-20375.11
79	50	-25716.136
78	51	-29007.45
77	52	-31565.315
76	53	-34716.205
75	54	-38169.685
74	55	-41274.734
73	56	-44682.815
72	57	-48409.907
71	58	-52123.938
70	59	1010
69	60	-40831
68	61	1010
67	62	1010
83	47	-7734.08
82	48	-17329.14
81	49	-17166.31
80	50	-26985.274
79	51	-25597.979
78	52	-32867.682
77	53	-31243.973
76	54	-39236.099
75	55	-37695.088
74	56	-45766.269
73	57	-44661.081
72	58	-52987.778
71	59	-51921.225
70	60	1010
69	61	-40771
68	62	1010
67	63	1010
83	48	-12130.52
82	49	-17909.924
81	50	-23863.702
80	51	-26979.916
79	52	-29548.766
78	53	-32652.632
77	54	-35644.292
76	55	-38701.808
75	56	-42171.676
74	57	-45220.396
73	58	-49262.514
72	59	-52263.623
71	60	1010
70	61	-38797
69	62	1010
68	63	1010
84	48	-10014.63
83	49	-12396.56
82	50	-25310.25
81	51	-23966.397
80	52	-30793.805
79	53	-29281.557
78	54	-36760.755
77	55	-35227.838
76	56	-43130.918
75	57	-41415.569
74	58	-49812.139
73	59	-48475.886
72	60	-56715
71	61	-34996
70	62	-42979
69	63	1010
85	48	-5120.24
84	49	-10198.39
83	50	-19621.36
82	51	-25226.697
81	52	-27786.599
80	53	-30627.87
79	54	-33595.09
78	55	-36382.053
77	56	-39706.526
76	57	-42635.548
75	58	-45887.194
74	59	-49553.178
73	60	-52660.726
72	61	1010
71	62	-39498
70	63	1010
69	64	1010
85	49	-4749.39
84	50	-17437.539
83	51	-19962.955
82	52	-28852.683
81	53	-27580.469
80	54	-34748.339
79	55	-33103.359
78	56	-40826.195
77	57	-39253.58
76	58	-47016.038
75	59	-45684.819
74	60	-54007.681
73	61	1010
72	62	-40501
71	63	1010
70	64	1010
86	49	-2735.1
85	50	-11897.388
84	51	-17816.026
83	52	-23637.44
82	53	-28727.783
81	54	-31780.232
80	55	-34511.642
79	56	-37639.875
78	57	-40391.802
77	58	-43583.316
76	59	-46515.122
75	60	-50002.594
74	61	-53352.709
73	62	1010
72	63	-39878
71	64	1010
70	65	1010
86	50	-9649.9
85	51	-12563.914
84	52	-22099.726
83	53	-23643.526
82	54	-32642.088
81	55	-31349.826
80	56	-38766.19
79	57	-37042.71
78	58	-44707.613
77	59	-43413.63
76	60	-51061.166
75	61	-49876.611
74	62	1010
73	63	-36383
72	64	1010
71	65	1010
87	50	-4951.07
86	51	-10554.169
85	52	-16764.541
84	53	-22095.484
83	54	-27584.242
82	55	-32282.821
81	56	-35629.188
80	57	-38180.77
79	58	-41314.139
78	59	-44442.799
77	60	-47814.279
76	61	-50422.263
75	62	-54306
74	63	-37073
73	64	-40702
72	65	1010
88	50	-5071.05
87	51	-5941.74
86	52	-14984.126
85	53	-17210.721
84	54	-26403.003
83	55	-27345.322
82	56	-36300.95
81	57	-35117.599
80	58	-42273.56
79	59	-40904.597
78	60	-48629.447
77	61	-46982.231
76	62	-55150.093
75	63	1010
74	64	-41642
73	65	1010
72	66	1010
88	51	-6030.29
87	52	-10289.403
86	53	-15553.412
85	54	-21471.705
84	55	-26296.351
83	56	-31677.634
82	57	-36025.132
81	58	-39461.4
80	59	-41875.536
79	60	-45506.439
78	61	-48177.72
77	62	-51710.177
76	63	1010
75	64	-38349
74	65	1010
73	66	1010
89	51	-3542.01
88	52	-10825.381
87	53	-10917.289
86	54	-20181.021
85	55	-21584.184
84	56	-30593.041
83	57	-31270.247
82	58	-40500.8
81	59	-38916.316
80	60	-46834.82
79	61	-45121.448
78	62	-52804.9
77	63	-51513.663
76	64	1010
75	65	-38119
74	66	1010
73	67	1010
89	52	-8089.64
88	53	-11363.81
87	54	-15487.453
86	55	-20334.244
85	56	-25984.753
84	57	-30448.427
83	58	-35922.45
82	59	-39840.684
81	60	-43505.648
80	61	-46020.334
79	62	-49231.456
78	63	-52319.396
77	64	1010
76	65	-39197
75	66	1010
74	67	1010
90	52	-8526.86
89	53	-8641.306
88	54	-16170.148
87	55	-15986.426
86	56	-24906.834
85	57	-25926.029
84	58	-35060.31
83	59	-35350.425
82	60	-44354.257
81	61	-43148.643
80	62	-50363.19
79	63	-49105.971
78	64	-56753.88
77	65	1010
76	66	-42936
75	67	1010
74	68	1010
91	52	-5855.16
90	53	-8919.13
89	54	-13247.827
88	55	-16396.373
87	56	-20339.332
86	57	-24829.426
85	58	-30312.614
84	59	-34742.722
83	60	-40080.164
82	61	-44318.952
81	62	-47754.693
80	63	-50088.71
79	64	-53659.097
78	65	1010
77	66	-40600
76	67	1010
75	68	1010
91	53	-6260.27
90	54	-13465.565
89	55	-13612.077
88	56	-20990.698
87	57	-20400.153
86	58	-29202.664
85	59	-30064.64
84	60	-39196.563
83	61	-39514.584
82	62	-48745.779
81	63	-47395.216
80	64	-54844.623
79	65	-53290.099
78	66	1010
77	67	-39356
76	68	1010
75	69	1010
92	53	-6600.84
91	54	-10768.821
90	55	-13864.742
89	56	-18187.811
88	57	-20944.061
87	58	-24591.029
86	59	-29043.477
85	60	-34506.875
84	61	-38728.623
83	62	-44577.946
82	63	-48119.166
81	64	-51862.488
80	65	-54401.621
79	66	1010
78	67	-41395.28
77	68	1010
76	69	1010
92	54	-11166.879
91	55	-11290.44
90	56	-18306.233
89	57	-18078.225
88	58	-25208.2
87	59	-24248.895
86	60	-33293.415
85	61	-34100.05
84	62	-43057.606
83	63	-43628.018
82	64	-52631.323
81	65	-51192.962
80	66	-59030.038
79	67	-38029.206
78	68	-46478.03
77	69	1010
93	54	-8678.74
92	55	-11734.236
91	56	-15532.169
90	57	-18611.508
89	58	-22447.941
88	59	-24912.22
87	60	-28717.437
86	61	-33108.506
85	62	-38000.309
84	63	-42859.064
83	64	-47976.896
82	65	-52316.542
81	66	-55752.565
80	67	-40012.286
79	68	-43037.566
78	69	1010
94	54	-9379.7
93	55	-9404.765
92	56	-16686.81
91	57	-15840.995
90	58	-23413.79
89	59	-22234.731
88	60	-29420.825
87	61	-28337.918
86	62	-37271.787
85	63	-37797.407
84	64	-47544.121
83	65	-47418.604
82	66	-56773.629
81	67	1010
80	68	-44615.962
79	69	1010
78	70	1010
94	55	-10438.67
93	56	-14223.15
92	57	-16719.95
91	58	-20532.918
90	59	-23047.087
89	60	-26514.7
88	61	-28853.102
87	62	-32622.316
86	63	-36872.537
85	64	-42574.847
84	65	-46711.89
83	66	-52135.95
82	67	1010
81	68	-41572
80	69	1010
79	70	1010
95	55	-7955.1
94	56	-15595.67
93	57	-14541.01
92	58	-21328.149
91	59	-20892.258
90	60	-27591.726
89	61	-26039.95
88	62	-33610.722
87	63	-32263.99
86	64	-41472.263
85	65	-41889.991
84	66	-51328.905
83	67	-51191.477
82	68	1010
81	69	-39672
80	70	1010
79	71	1010
96	55	-8676.77
95	56	-13196.74
94	57	-15911.44
93	58	-19792.66
92	59	-22129.967
91	60	-25375.394
90	61	-27596.77
89	62	-30554.474
88	63	-32863.201
87	64	-36944.508
86	65	-40733.472
85	66	-46270.313
84	67	-50509.598
83	68	1010
82	69	-41704.411
81	70	1010
80	71	1010
96	56	-13453.3
95	57	-13445.3
94	58	-20699
93	59	-20075.754
92	60	-26933.096
91	61	-25431.024
90	62	-31866.057
89	63	-30217.551
88	64	-37539.12
87	65	-36354.786
86	66	-45736.749
85	67	-45735.39
84	68	-55070.362
83	69	-36949.892
82	70	-46477
81	71	1010
97	56	-10269.62
96	57	-13687.59
95	58	-17791.46
94	59	-20894.867
93	60	-24944.508
92	61	-27051.241
91	62	-29882.344
90	63	-31854.109
89	64	-34933.957
88	65	-37051.988
87	66	-41016.852
86	67	-44696.642
85	68	-50295.102
84	69	1010
83	70	-41608
82	71	1010
81	72	1010
97	57	-10523.28
96	58	-18115.4
95	59	-18023.47
94	60	-25565.95
93	61	-25013.67
92	62	-31291.825
91	63	-29591.884
90	64	-36314.601
89	65	-34434.003
88	66	-41736.497
87	67	-40042.1
86	68	-49412.984
85	69	1010
84	70	-40738
83	71	1010
82	72	1010
98	57	-10398.07
97	58	-14934.37
96	59	-18001.365
95	60	-22372.204
94	61	-25853.448
93	62	-29045.634
92	63	-31232.886
91	64	-34068.434
90	65	-36128.95
89	66	-39064.473
88	67	-41146.605
87	68	-44631.891
86	69	-48763.149
85	70	1010
84	71	-40053
83	72	1010
82	73	1010
98	58	-14633.93
97	59	-15076.67
96	60	-22615.53
95	61	-22823.304
94	62	-29845.198
93	63	-28799.736
92	64	-35502.874
91	65	-33587.142
90	66	-40576.1
89	67	-38485.001
88	68	-46103.851
87	69	-44316.493
86	70	1010
85	71	-35384.648
84	72	1010
83	73	1010
99	58	-12235.75
98	59	-15029.47
97	60	-19448.03
96	61	-23145.697
95	62	-26658.986
94	63	-29942.986
93	64	-32650.044
92	65	-35073.515
91	66	-37780.082
90	67	-39829.684
89	68	-42955.473
88	69	-45059.121
87	70	-48814.063
86	71	1010
85	72	-39961
84	73	1010
83	74	1010
99	59	-12029.15
98	60	-19345.85
97	61	-20166.367
96	62	-26830.184
95	63	-26883.983
94	64	-33592.132
93	65	-32320.301
92	66	-39087.295
91	67	-37013.065
90	68	-44222.465
89	69	-41965.251
88	70	-49657.932
87	71	1010
86	72	-40882
85	73	1010
84	74	1010
100	59	-12441.83
99	60	-16380.07
98	61	-19899.926
97	62	-23803.591
96	63	-27247.93
95	64	-30581.372
94	65	-33564.017
93	66	-36455.19
92	67	-38637.76
91	68	-41361.155
90	69	-43379.519
89	70	-46467.875
88	71	-48867.846
87	72	1010
86	73	-40099
85	74	1010
84	75	1010
100	60	-16554.91
99	61	-17288.85
98	62	-23630.469
97	63	-24342.085
96	64	-30951.274
95	65	-30475.059
94	66	-37369.12
93	67	-35517.556
92	68	-42703.94
91	69	-40405.827
90	70	-47945.234
89	71	-46134.055
88	72	1010
87	73	-37245.24
86	74	1010
85	75	1010
101	60	-14067.27
100	61	-17257.68
99	62	-20843.526
98	63	-24404.222
97	64	-28126.517
96	65	-31219.968
95	66	-34339.407
94	67	-36922.011
93	68	-39768.897
92	69	-41807.86
91	70	-44672.984
90	71	-47063.224
89	72	-50309.764
88	73	1010
87	74	-41471
86	75	1010
85	76	1010
101	61	-14759.3
100	62	-21173.53
99	63	-21547.68
98	64	-28388.711
97	65	-28557.479
96	66	-35258.474
95	67	-33923.455
94	68	-40878.268
93	69	-38834.65
92	70	-45747.989
91	71	-43809.171
90	72	-51150.547
89	73	1010
88	74	-42368
87	75	1010
86	76	1010
102	61	-14671.49
101	62	-18347.58
100	63	-21744.49
99	64	-25319.075
98	65	-28791.828
97	66	-32297.455
96	67	-34922.409
95	68	-37782.2
94	69	-40122.297
93	70	-42855.422
92	71	-45113.645
91	72	-47964.566
90	73	-50429.357
89	74	-39875.329
88	75	-42712
87	76	1010
102	62	-18094.64
101	63	-19126.12
100	64	-25324.24
99	65	-25790.13
98	66	-32638.373
97	67	-32123.901
96	68	-38560.992
95	69	-37011.659
94	70	-43973.586
93	71	-41986.126
92	72	-49344.554
91	73	-47537.103
90	74	1010
89	75	-38393.331
88	76	1010
87	77	1010
103	62	-15426
102	63	-18889.07
101	64	-22697.6
100	65	-25824.53
99	66	-29720.498
98	67	-33013.101
97	68	-35728.931
96	69	-38286.368
95	70	-41102.14
94	71	-43416.384
93	72	-46022.306
92	73	-48634.886
91	74	1010
90	75	-40139
89	76	1010
88	77	1010
103	63	-16056.46
102	64	-22827.92
101	65	-23186.08
100	66	-29872.158
99	67	-29991.976
98	68	-36685.727
97	69	-35196.348
96	70	-42053.154
95	71	-40148.298
94	72	-47232.068
93	73	-45119.317
92	74	-52467.819
91	75	1010
90	76	-43383
89	77	1010
88	78	1010
104	63	-16002.37
103	64	-19915.4
102	65	-23371.32
101	66	-26933.28
100	67	-30341.423
99	68	-33706.062
98	69	-36366.183
97	70	-38937.386
96	71	-41388.969
95	72	-44104.787
94	73	-46482.498
93	74	-49176
92	75	1010
91	76	-40977.435
90	77	1010
89	78	1010
104	64	-19755.75
103	65	-20489.9
102	66	-27200.1
101	67	-27406.57
100	68	-34434.481
99	69	-33504.909
98	70	-40141.861
97	71	-38498.367
96	72	-45449.344
95	73	-43341.115
94	74	-50646.898
93	75	-48909.728
92	76	-42257.045
91	77	-40611.765
90	78	1010
105	64	-17027.18
104	65	-20314.74
103	66	-24333.4
102	67	-27578.336
101	68	-31246.831
100	69	-34219.14
99	70	-37100.61
98	71	-39720.051
97	72	-42217.459
96	73	-44697.193
95	74	-47360.282
94	75	-49899.644
93	76	1010
92	77	-41559
91	78	1010
90	79	1010
105	65	-17567.02
104	66	-24370.6
103	67	-24716.94
102	68	-31320.658
101	69	-31393.427
100	70	-37726.365
99	71	-36629.369
98	72	-43268.08
97	73	-41469.643
96	74	-48424.218
95	75	-46462.612
94	76	1010
93	77	-38290.11
92	78	1010
91	79	1010
106	65	-17516.38
105	66	-21612.9
104	67	-24812.94
103	68	-28474.894
102	69	-31834.089
101	70	-34939.039
100	71	-37566.734
99	72	-40267.302
98	73	-42668.123
97	74	-45301.31
96	75	-47769.984
95	76	-50290.042
94	77	1010
93	78	-42312.288
92	79	1010
91	80	1010
106	66	-21634.23
105	67	-22151.69
104	68	-28404.147
103	69	-29043.799
102	70	-35426.733
101	71	-34576.27
100	72	-41158.388
99	73	-39641.951
98	74	-46484.062
97	75	-44678.065
96	76	-51785.26
95	77	1010
94	78	-43379.779
93	79	1010
92	80	1010
107	66	-18747.61
106	67	-22159.84
105	68	-25780.85
104	69	-29212.121
103	70	-32683.784
102	71	-35377.802
101	72	-38280.366
100	73	-40730.665
99	74	-43613.738
98	75	-46009.112
97	76	-48555.348
96	77	-51080.995
95	78	-40867.134
94	79	-43855
93	80	1010
107	67	-19180
106	68	-25693.93
105	69	-26339.07
104	70	-32903.471
103	71	-32585.087
102	72	-38948.733
101	73	-37680.308
100	74	-44475.412
99	75	-42935.701
98	76	-49768.348
97	77	-47593.531
96	78	-42088
95	79	-40409.64
94	80	1010
108	67	-18978.99
107	68	-22967.38
106	69	-26116.68
105	70	-30111.372
104	71	-32946.452
103	72	-36107.014
102	73	-38633.542
101	74	-41490.338
100	75	-43892.425
99	76	-46721.13
98	77	-48999.923
97	78	-39850.32
96	79	-42495.367
95	80	1010
108	68	-22862.5
107	69	-23441.2
106	70	-29827.436
105	71	-30237.347
104	72	-36512.728
103	73	-35526.411
102	74	-42244.478
101	75	-40968.355
100	76	-47675.836
99	77	-45953.105
98	78	1010
97	79	-38241.794
96	80	1010
95	81	1010
109	68	-20049.88
108	69	-23456.66
107	70	-27410.886
106	71	-30256.151
105	72	-33740.53
104	73	-36213.575
103	74	-39351.665
102	75	-42119.513
101	76	-44969.636
100	77	-47442.214
99	78	1010
98	79	-40602.793
97	80	1010
96	81	1010
109	69	-20770.67
108	70	-27830.277
107	71	-27814.384
106	72	-33948.2
105	73	-33690.07
104	74	-40024.196
103	75	-38904.317
102	76	-45899.302
101	77	-44146.411
100	78	-51261.291
99	79	1010
98	80	-43315
97	81	1010
96	82	1010
110	69	-20482.95
109	70	-25080.12
108	71	-28058.845
107	72	-31349.238
106	73	-34013.368
105	74	-37345.402
104	75	-39818.327
103	76	-42700.679
102	77	-45135.552
101	78	-47963.826
100	79	1010
99	80	-40790.984
98	81	1010
97	82	1010
110	70	-24880.65
109	71	-25755.57
108	72	-31650.141
107	73	-31630.068
106	74	-37996.027
105	75	-37016.909
104	76	-43663.504
103	77	-42199.634
102	78	-48863.021
101	79	-47061.863
100	80	-42292.079
99	81	-40852.829
98	82	1010
111	70	-22394.62
110	71	-25573.362
109	72	-29266.928
108	73	-31960.145
107	74	-35346.226
106	75	-37893.395
105	76	-40638.53
104	77	-43226.088
103	78	-46189.477
102	79	-48400.196
101	80	-39867.426
100	81	-43404.506
99	82	1010
111	71	-22992.58
110	72	-29011.39
109	73	-29327.075
108	74	-35769.78
107	75	-35103.741
106	76	-41623.295
105	77	-40227.785
104	78	-46905.005
103	79	-45231.431
102	80	-41518.391
101	81	-39544.423
100	82	1010
112	71	-22709.858
111	72	-26419.99
110	73	-29442
109	74	-32863.18
108	75	-35944.489
107	76	-38795.622
106	77	-41257.614
105	78	-43974.948
104	79	-46266.949
103	80	-37823.418
102	81	-41204.711
101	82	1010
113	71	-20105.71
112	72	-26130.58
111	73	-26526.68
110	74	-33104.289
109	75	-33071.525
108	76	-39508.182
107	77	-38499.869
106	78	-44888.452
105	79	-43253.232
104	80	1010
103	81	-36504.298
102	82	1010
101	83	1010
114	71	-19909.69
113	72	-23320.364
112	73	-26460.3
111	74	-29996.252
110	75	-33359.631
109	76	-36569.489
108	77	-39219.494
107	78	-41954.889
106	79	-44317.66
105	80	1010
104	81	-39394.705
103	82	1010
102	83	1010
114	72	-23573.845
113	73	-23933.25
112	74	-30135.266
111	75	-30484.919
110	76	-37072.94
109	77	-36311.395
108	78	-42844.432
107	79	-41281.823
106	80	-48264.727
105	81	1010
104	82	-42650.959
103	83	1010
102	84	1010
115	72	-21100.95
114	73	-24206.691
113	74	-27582.749
112	75	-30690.873
111	76	-34331.748
110	77	-37088.623
109	78	-39788.722
108	79	-42583.249
107	80	-44792.437
106	81	1010
105	82	-39490.549
104	83	1010
103	84	1010
116	72	-21642.72
115	73	-21523.393
114	74	-28201.11
113	75	-28266.306
112	76	-34811.758
111	77	-34444.566
110	78	-40849.213
109	79	-39156.334
108	80	-46668.179
107	81	-44576.445
106	82	-41319.239
105	83	-38491.583
104	84	1010
117	72	-19309.81
116	73	-21975.98
115	74	-25591.598
114	75	-28845.356
113	76	-32278.479
112	77	-35565.478
111	78	-37901.941
110	79	-40640.8
109	80	-43149.854
108	81	-46155.256
107	82	-38681.438
106	83	-40893.816
105	84	1010
117	73	-19698.46
116	74	-26051.523
115	75	-26277.23
114	76	-33249.73
113	77	-32370.804
112	78	-39377.04
111	79	-37558.748
110	80	-44733.92
109	81	-42869.16
108	82	-40179.459
107	83	-37898.457
106	84	1010
118	73	-20568.3
117	74	-23734.859
116	75	-26864.884
115	76	-30454.613
114	77	-33477.354
113	78	-36085.435
112	79	-38827.79
111	80	-41450.919
110	81	-44336.723
109	82	1010
108	83	-38747.377
107	84	1010
106	85	1010
119	73	-18235.14
118	74	-24382.13
117	75	-24131.59
116	76	-31306.19
115	77	-30438.571
114	78	-37187.571
113	79	-35839.874
112	80	-42853.993
111	81	-41247.772
110	82	1010
109	83	-36367.332
108	84	1010
107	85	1010
119	74	-22047.06
118	75	-24904.01
117	76	-28565.275
116	77	-31592.078
115	78	-34150.191
114	79	-37057.011
113	80	-39698.367
112	81	-42817.472
111	82	-45171.388
110	83	1010
109	84	-39384.917
108	85	1010
107	86	1010
120	74	-22918.78
119	75	-22108.9
118	76	-29322.14
117	77	-28699.758
116	78	-35337.249
115	79	-34129.35
114	80	-41097.334
113	81	-39591.368
112	82	-46603.96
111	83	1010
110	84	-41569.004
109	85	1010
108	86	1010
120	75	-22782.43
119	76	-26422.089
118	77	-29434.682
117	78	-32353.514
116	79	-35310.521
115	80	-37960.389
114	81	-40947.333
113	82	-43533.771
112	83	-45943.949
111	84	-38584.019
110	85	-40645.623
109	86	1010
121	75	-20274.23
120	76	-26957.044
119	77	-26603.434
118	78	-33278.127
117	79	-32394.464
116	80	-39147.904
115	81	-38052.383
114	82	-44811.338
113	83	-43042.145
112	84	-39979.636
111	85	-37718.729
110	86	1010
122	75	-20901.29
121	76	-24471.23
120	77	-27296.185
119	78	-30322.529
118	79	-33462.219
117	80	-36332.701
116	81	-39209.106
115	82	-41876.836
114	83	-44485.504
113	84	-36764.878
112	85	-39238.125
111	86	1010
123	75	-18405.41
122	76	-25126.7
121	77	-24587.13
120	78	-31049.284
119	79	-30729.958
118	80	-37103.98
117	81	-36409.868
116	82	-43134.693
115	83	-41373.613
114	84	-39020
113	85	-37112.07
112	86	1010
123	76	-22456.65
122	77	-25268.873
121	78	-28254.18
120	79	-31322.152
119	80	-34602.206
118	81	-37451.868
117	82	-40309.119
116	83	-42700.563
115	84	1010
114	85	-37527.134
113	86	1010
112	87	1010
124	76	-22900.82
123	77	-22539.18
122	78	-28856.828
121	79	-28771.054
120	80	-35295.2
119	81	-34764.129
118	82	-41432.677
117	83	-39966.997
116	84	1010
115	85	-34798.243
114	86	1010
113	87	1010
125	76	-20430.57
124	77	-22908.12
123	78	-26050.74
122	79	-29167.486
121	80	-32505.803
120	81	-35543.425
119	82	-38713.14
118	83	-41058.585
117	84	-43146.346
116	85	1010
115	86	-37427.451
114	87	1010
113	88	1010
126	76	-20874.43
125	77	-20302.45
124	78	-26676.066
123	79	-26824.343
122	80	-32953.308
121	81	-32990.948
120	82	-39457.646
119	83	-38331.668
118	84	-44263.791
117	85	1010
116	86	-39487
115	87	1010
114	88	1010
126	77	-20839.7
125	78	-24092.79
124	79	-27292.635
123	80	-30484.704
122	81	-33572.59
121	82	-37029.779
120	83	-39371.417
119	84	-41532.094
118	85	-43549.677
117	86	-34957.623
116	87	-38479.592
115	88	1010
127	77	-16625.34
126	78	-24213.85
125	79	-24759.12
124	80	-30893.858
123	81	-31107.34
122	82	-37938.485
121	83	-36715.404
120	84	-42519.629
119	85	-40930.416
118	86	-36699.365
117	87	-36395.385
116	88	1010
127	78	-20168.14
126	79	-24769.66
125	80	-28351.819
124	81	-31518.062
123	82	-35338.479
122	83	-37593.241
121	84	-39818.046
120	85	-41924.291
119	86	-32584.768
118	87	-35826.325
117	88	1010
128	78	-19173.86
127	79	-20484.97
126	80	-28267.037
125	81	-29276.301
124	82	-35978.316
123	83	-35104.637
122	84	-40448.074
121	85	-39212.6
120	86	1010
119	87	-31610.259
118	88	1010
117	89	1010
128	79	-19485.05
127	80	-23942.321
126	81	-29185.049
125	82	-33929.29
124	83	-35751.043
123	84	-37994.845
122	85	-40098.262
121	86	1010
120	87	-32854.801
119	88	1010
118	89	1010
129	79	-15404.49
128	80	-22139.784
127	81	-24530.198
126	82	-34046.233
125	83	-33506.459
124	84	-38748.764
123	85	-37490.322
122	86	-43400.374
121	87	1010
120	88	-35695.14
119	89	1010
118	90	1010
130	79	-13428.23
129	80	-18100.58
128	81	-22691.682
127	82	-29500.732
126	83	-33692.23
125	84	-36347.549
124	85	-38217.716
123	86	-40671.539
122	87	1010
121	88	-33147.636
120	89	1010
119	90	1010
131	79	-9671.54
130	80	-16822.88
129	81	-18266.787
128	82	-27645.564
127	83	-29556.892
126	84	-36435.029
125	85	-35856.371
124	86	-41193.501
123	87	-39947.13
122	88	-34563.45
121	89	-32609.972
120	90	1010
131	80	-12871.6
130	81	-16815.698
129	82	-23282.881
128	83	-27604.043
127	84	-32206.887
126	85	-36025.35
125	86	-38914.412
124	87	-40909.261
123	88	-32174.924
122	89	-33925.202
121	90	1010
132	80	-13608.18
131	81	-13524.87
130	82	-21697.177
129	83	-23504.294
128	84	-30865.932
127	85	-31967.505
126	86	-39123.711
125	87	-38223.129
124	88	1010
123	89	-30776.345
122	90	1010
121	91	1010
133	80	-11913.57
132	81	-14231.116
131	82	-18561.087
130	83	-22026.296
129	84	-26704.388
128	85	-30583.508
127	86	-34889.295
126	87	-38458.664
125	88	1010
124	89	-31615.081
123	90	1010
122	91	1010
134	80	-12639.45
133	81	-12374.38
132	82	-19100.644
131	83	-18776.199
130	84	-25569.494
129	85	-26713.86
128	86	-33922.261
127	87	-34430.333
126	88	-41598.305
125	89	-29396.968
124	90	-35058.752
123	91	1010
135	80	-10981.78
134	81	-13059.68
133	82	-17314.11
132	83	-19453.92
131	84	-22375.128
130	85	-25666.127
129	86	-30026.076
128	87	-33521.235
127	88	-37701.823
126	89	-29690.678
125	90	-32774.207
124	91	1010
136	80	-11816.81
135	81	-11133.05
134	82	-17968.52
133	83	-17369.063
132	84	-23192.353
131	85	-22509.898
130	86	-29373.865
129	87	-29820.552
128	88	-37124.039
127	89	-26451.463
126	90	-33648.474
125	91	1010
136	81	-11963.18
135	82	-16043.09
134	83	-18188.056
133	84	-21148.55
132	85	-23367.477
131	86	-26271.968
130	87	-29207.806
129	88	-33227.333
128	89	1010
127	90	-29562.287
126	91	1010
125	92	1010
137	81	-10098.81
136	82	-16864.67
135	83	-15888.608
134	84	-22095.858
133	85	-21079.331
132	86	-27339.146
131	87	-26448.945
130	88	-32893.714
129	89	1010
128	90	-29679.654
127	91	1010
126	92	1010
137	82	-14735.37
136	83	-16716.26
135	84	-19696.205
134	85	-22040.155
133	86	-24903.241
132	87	-27299.467
131	88	-30123.948
130	89	-32618.925
129	90	1010
128	91	-28501.056
127	92	1010
126	93	1010
138	82	-15555.97
137	83	-14429.89
136	84	-20697.176
135	85	-19508.287
134	86	-25831.227
133	87	-25151.063
132	88	-31325.214
131	89	-29886.398
130	90	1010
129	91	-26163
128	92	1010
127	93	1010
138	83	-15227.08
137	84	-18248.693
136	85	-20763.776
135	86	-23477.536
134	87	-25935.956
133	88	-29054.977
132	89	-31038.242
131	90	-33318.763
130	91	-27343
129	92	-29855.83
128	93	1010
139	83	-13117
138	84	-19308.171
137	85	-17894.765
136	86	-24516.721
135	87	-23672.025
134	88	-29771.111
133	89	-29044.188
132	90	-34593
131	91	-25025
130	92	-31070
129	93	1010
140	83	-14005.59
139	84	-16883.62
138	85	-19059.383
137	86	-21870.899
136	87	-24417.76
135	88	-27629.269
134	89	-30041.29
133	90	-32520.895
132	91	-26352.855
131	92	-28868
130	93	1010
141	83	-11934.57
140	84	-17882.95
139	85	-16442.533
138	86	-22576.689
137	87	-22021.121
136	88	-28372.059
135	89	-27760.957
134	90	-33589.71
133	91	-25192.39
132	92	-30624
131	93	1010
141	84	-15745.81
140	85	-17520.37
139	86	-20323.208
138	87	-22774.843
137	88	-26097.821
136	89	-28493.807
135	90	-31307.117
134	91	-26144.638
133	92	-28602.926
132	93	1010
142	84	-16702.18
141	85	-15273.93
140	86	-21257.679
139	87	-20368.639
138	88	-26679.877
137	89	-26353.575
136	90	-32048.939
135	91	-24216.205
134	92	-29743
133	93	1010
143	84	-14534.65
142	85	-16151.42
141	86	-19007.738
140	87	-21098.016
139	88	-24253.268
138	89	-27100.246
137	90	-29845.261
136	91	-25761.485
135	92	-28354.439
134	93	1010
143	85	-14075.37
142	86	-19996.458
141	87	-19010.794
140	88	-24762.589
139	89	-24693.067
138	90	-30727.784
137	91	1010
136	92	-28499.713
135	93	1010
134	94	1010
144	85	-14978.65
143	86	-17761.527
142	87	-20009.911
141	88	-22521.47
140	89	-25204.829
139	90	-28313.026
138	91	1010
137	92	-26832.09
136	93	1010
135	94	1010
144	86	-18664.77
143	87	-17624.962
142	88	-23415.016
141	89	-22826.561
140	90	-28705.054
139	91	-28477.928
138	92	1010
137	93	-26036.235
136	94	1010
135	95	1010
145	86	-16441.58
144	87	-18538.61
143	88	-21239.414
142	89	-23512.585
141	90	-26520.613
140	91	-29177.936
139	92	1010
138	93	-27577.844
137	94	1010
136	95	1010
145	87	-16231.16
144	88	-21853.505
143	89	-20999.224
142	90	-26886.7
141	91	-26523.097
140	92	-32575
139	93	1010
138	94	-29885
137	95	1010
136	96	1010
146	87	-16552.31
145	88	-19661.685
144	89	-21682.04
143	90	-24652.934
142	91	-26836.428
141	92	-30165.713
140	93	1010
139	94	-28275.32
138	95	1010
137	96	1010
146	88	-20154.029
145	89	-19356.83
144	90	-25023.162
143	91	-24569.077
142	92	-30305.846
141	93	-30372.153
140	94	1010
139	95	-27347
138	96	1010
137	97	1010
147	88	-17590.29
146	89	-19661.354
145	90	-22662.677
144	91	-24784.908
143	92	-27951.97
142	93	-30573.875
141	94	1010
140	95	-28570.83
139	96	1010
138	97	1010
147	89	-17379.045
146	90	-22947.672
145	91	-22545.185
144	92	-28214.793
143	93	-28124.665
142	94	-33645
141	95	-26046.58
140	96	-31836.29
139	97	1010
148	89	-17553.52
147	90	-20790.477
146	91	-22768.667
145	92	-25993.45
144	93	-28359.001
143	94	-31334
142	95	1010
141	96	-29371
140	97	1010
139	98	1010
148	90	-20916.16
147	91	-20575.654
146	92	-25973.961
145	93	-26141.654
144	94	-31488.343
143	95	1010
142	96	-29731
141	97	1010
140	98	1010
149	90	-18766.51
148	91	-20843.67
147	92	-23763.049
146	93	-26165.137
145	94	-29203.117
144	95	-31831.875
143	96	1010
142	97	-30063
141	98	1010
140	99	1010
149	91	-18829.77
148	92	-23936.676
147	93	-23851.917
146	94	-29131.74
145	95	-29504.679
144	96	1010
143	97	-27544
142	98	1010
141	99	1010
150	91	-18802.73
149	92	-21856.87
148	93	-24058.23
147	94	-26937.847
146	95	-29415.884
145	96	-32525
144	97	1010
143	98	-30609
142	99	1010
141	100	1010
150	92	-22024.55
149	93	-21914.02
148	94	-27009.031
147	95	-27145.072
146	96	-32543
145	97	1010
144	98	-30894
143	99	1010
142	100	1010
151	92	-19906.52
150	93	-21885.07
149	94	-24807.857
148	95	-27147.903
147	96	-30250.591
146	97	-32683
145	98	-29374
144	99	-31575.39
143	100	1010
151	93	-20153.6
150	94	-24967.696
149	95	-25116.92
148	96	-30340.85
147	97	-30389.669
146	98	-29534
145	99	-29234.05
144	100	1010
152	93	-20270.58
151	94	-23157.763
150	95	-25171.147
149	96	-28352.122
148	97	-30637.296
147	98	1010
146	99	-29692.49
145	100	1010
144	101	1010
152	94	-23516.72
151	95	-23130.91
150	96	-28506.72
149	97	-28573.375
148	98	1010
147	99	-27421
146	100	1010
145	101	1010
153	94	-21404.44
152	95	-23418.75
151	96	-26355.819
150	97	-28694.743
149	98	-31884.564
148	99	-28325
147	100	-31109.78
146	101	1010
153	95	-21192.4
152	96	-26461
151	97	-26586.04
150	98	-31914
149	99	1010
148	100	-30552
147	101	1010
146	102	1010
154	95	-21094.26
153	96	-24427.051
152	97	-26691.971
151	98	-29842
150	99	1010
149	100	-29104.8
148	101	1010
147	102	1010
154	96	-24450.236
153	97	-24399.053
152	98	-29932
151	99	-30014
150	100	-29462.72
149	101	-28895.88
148	102	1010
155	96	-22149.88
154	97	-24348.52
153	98	-27593.219
152	99	-30223.623
151	100	1010
150	101	-29035
149	102	1010
148	103	1010
156	96	-22112
155	97	-22177.78
154	98	-27598
153	99	-27754.756
152	100	1010
151	101	-27639
150	102	1010
149	103	1010
156	97	-22098.33
155	98	-25288.9
154	99	-27714.912
153	100	-31055
152	101	1010
151	102	-29796
150	103	1010
149	104	1010
157	97	-19840.71
156	98	-25294.853
155	99	-25258.18
154	100	-30757
153	101	1010
152	102	-30790
151	103	1010
150	104	1010
157	98	-22819.7
156	99	-25096.29
155	100	-28288.376
154	101	-31027.216
153	102	1010
152	103	-30196
151	104	1010
150	105	1010
158	98	-23234
157	99	-22902.98
156	100	-28378
155	101	-28528.36
154	102	1010
153	103	-28424.086
152	104	1010
151	105	1010
158	99	-23239.3
157	100	-25879.23
156	101	-28558.712
155	102	-31507
154	103	-28495
153	104	-31211
152	105	1010
159	99	-21415
158	100	-26277
157	101	-26301.06
156	102	-31252
155	103	1010
154	104	-31327
153	105	1010
152	106	1010
159	100	-24331
158	101	-26416
157	102	-28999
156	103	1010
155	104	-28793
154	105	1010
153	106	1010
160	100	-24715
159	101	-24406
158	102	-29582
157	103	-29046
156	104	1010
155	105	-28903
154	106	1010
153	107	1010
160	101	-24858
159	102	-27424
158	103	-29639
157	104	1010
156	105	-29520
155	106	1010
154	107	1010
161	101	-23025
160	102	-27876
159	103	-27511.82
158	104	-32345
157	105	-27901.82
156	106	-33074
155	107	1010
161	102	-25854
160	103	-27693
159	104	-30385
158	105	1010
157	106	-30321
156	107	1010
155	108	1010
162	102	-26274
161	103	-25886
160	104	-30951
159	105	1010
158	106	-31542
157	107	1010
156	108	1010
162	103	-26232
161	104	-28846
160	105	-30804
159	106	1010
158	107	-30402
157	108	1010
156	109	1010
163	103	-23905
162	104	-29520
161	105	-28756.89
160	106	1010
159	107	-28985.89
158	108	1010
157	109	1010
163	104	-26916
162	105	-29256
161	106	-31692
160	107	1010
159	108	-30913
158	109	1010
157	110	1010
164	104	-26850
163	105	-27149
162	106	-32405
161	107	1010
160	108	-32345
159	109	1010
158	110	1010
164	105	-27038
163	106	-29717
162	107	-32539
161	108	-30191
160	109	-32203
159	110	1010
165	105	-24472
164	106	-30037
163	107	-29859
162	108	-31402
161	109	-30711
160	110	1010
165	106	-27218
164	107	-29774
163	108	-28735
162	109	-31455
161	110	1010
166	106	-27064
165	107	-27247
164	108	1010
163	109	-28123
162	110	1010
161	111	1010
167	106	-24853
166	107	-26990
165	108	1010
164	109	-28803
163	110	1010
162	111	1010
167	107	-24420
166	108	-30537
165	109	-26086
164	110	-31236
163	111	1010
168	107	-25333
167	108	-27551
166	109	-27245
165	110	-29253
164	111	1010
168	108	-28289
167	109	1010
166	110	-29489
165	111	1010
164	112	1010
169	108	-26503
168	109	1010
167	110	-27920
166	111	1010
165	112	1010
169	109	-26671
168	110	1010
167	111	-27730
166	112	1010
165	113	1010
170	109	-27570
169	110	1010
168	111	-29163
167	112	1010
166	113	1010
170	110	-30264
169	111	-27258
168	112	-32092
167	113	1010
171	110	-28262
170	111	-28747
169	112	-30287
168	113	1010
171	111	-26551
170	112	-31269
169	113	1010
172	111	-28133
171	112	-29636
170	113	1010
172	112	-30757
171	113	1010
173	112	-28533
172	113	1010
171	114	1010
173	113	1010
172	114	1010
174	113	-29413
173	114	1010
172	115	1010
174	114	1010
173	115	1010
175	114	-29537
174	115	1010
173	116	1010
175	115	1010
174	116	1010
176	115	-30410
175	116	1010
174	117	1010
176	116	1010
175	117	1010
177	116	-30468
176	117	1010
175	118	1010
177	117	1010
176	118	1010
177	118	1010
